date,mktcap,vol,open_price,close_price
2021-10-04,156542668,17845283,23.76,24.63
2021-10-03,158409751,22036514,23.98,23.76
2021-10-02,154846775,97061929,23.50,23.98
2021-10-01,134110547,32068493,20.33,23.50
2021-09-30,122402382,28693221,18.70,20.33
2021-09-29,123376929,20654430,18.63,18.70
2021-09-28,132499383,19257653,20.09,18.63
2021-09-27,138606383,38871500,21.23,20.09
2021-09-26,150344712,75591392,22.61,21.23
2021-09-25,136528749,25551722,20.54,22.61
2021-09-24,146596364,21422194,22.29,20.54
2021-09-23,143839666,21735884,21.81,22.29
2021-09-22,128725041,34674704,19.53,21.81
2021-09-21,142861801,27604786,21.43,19.53
2021-09-20,166797895,17736556,25.29,21.43
2021-09-19,174101166,21211263,26.43,25.29
2021-09-18,172220354,23052432,26.02,26.43
2021-09-17,175018878,23341475,26.35,26.02
2021-09-16,175908338,20370435,26.72,26.35
2021-09-15,171087395,18099769,25.99,26.72
2021-09-14,165588438,22006388,25.11,25.99
2021-09-13,177287935,71984524,26.92,25.11
2021-09-12,168570691,21062031,25.58,26.92
2021-09-11,164870272,26077638,25.06,25.58
2021-09-10,176288284,29139292,26.80,25.06
2021-09-09,170698802,46533766,25.85,26.80
2021-09-08,169176392,35639399,25.81,25.85
2021-09-07,215781232,56933892,32.67,25.81
2021-09-06,218472792,113853785,33.29,32.67
2021-09-05,219685490,129753492,33.36,33.29
2021-09-04,195038100,46141765,29.70,33.36
2021-09-03,190176490,42074057,28.88,29.70
2021-09-02,190283822,57692055,28.92,28.88
2021-09-01,186033212,204103623,28.30,28.92
2021-08-31,180220627,34391163,27.43,28.30
2021-08-30,190862117,66281562,28.97,27.43
2021-08-29,186913887,47964779,28.42,28.97
2021-08-28,182995633,46710402,27.80,28.42
2021-08-27,176428004,41305793,26.75,27.80
2021-08-26,188761922,51343910,28.68,26.75
2021-08-25,185427357,52466228,28.10,28.68
2021-08-24,199856738,89445518,30.29,28.10
2021-08-23,196409074,116788692,29.72,30.29
2021-08-22,188153638,73355067,28.49,29.72
2021-08-21,184206952,51388636,28.03,28.49
2021-08-20,174857965,65550594,26.95,28.03
2021-08-19,173269521,80587062,26.34,26.95
2021-08-18,178447343,114705507,26.90,26.34
2021-08-17,180043485,50654932,27.38,26.90
2021-08-16,185012595,51973987,28.13,27.38
2021-08-15,187140991,131518833,28.45,28.13
2021-08-14,184760910,59899620,28.09,28.45
2021-08-13,177402888,80869628,26.96,28.09
2021-08-12,187151558,111947073,28.54,26.96
2021-08-11,182873615,78405532,28.01,28.54
2021-08-10,173492387,125118126,26.74,28.01
2021-08-09,167577979,45146737,25.49,26.74
2021-08-08,174682350,70699564,26.58,25.49
2021-08-07,171837838,52889495,26.12,26.58
2021-08-06,171199670,53468079,26.03,26.12
2021-08-05,172480379,158138716,26.05,26.03
2021-08-04,160740161,30060054,24.44,26.05
2021-08-03,169791039,359546674,25.80,24.44
2021-08-02,158186007,49973622,24.07,25.80
2021-08-01,174132207,66720594,26.51,24.07
2021-07-31,173265500,97449651,26.33,26.51
2021-07-30,172927049,60222675,26.23,26.33
2021-07-29,179968167,101172576,27.27,26.23
2021-07-28,178027254,150629002,27.45,27.27
2021-07-27,176862332,274727704,26.92,27.45
2021-07-26,211932607,1162352606,31.81,26.92
2021-07-25,177771913,868623856,27.17,31.81
2021-07-24,110424098,44900787,16.96,27.17
2021-07-23,108975789,48204912,16.69,16.96
2021-07-22,103683336,57576856,16.15,16.69
2021-07-21,99069379,126784532,15.14,16.15
2021-07-20,107769967,24969365,16.55,15.14
2021-07-19,117053559,43851582,18.01,16.55
2021-07-18,124128452,79725608,19.04,18.01
2021-07-17,140204016,107824966,21.40,19.04
2021-07-16,117018111,195961514,18.08,21.40
2021-07-15,118985226,465266949,18.10,18.08
2021-07-14,97918636,13225172,15.10,18.10
2021-07-13,101473682,22434425,15.78,15.10
2021-07-12,99594074,17662822,15.34,15.78
2021-07-11,97257258,13216809,14.98,15.34
2021-07-10,100492798,35751632,15.47,14.98
2021-07-09,101462485,53915376,15.63,15.47
2021-07-08,110633874,17517797,17.10,15.63
2021-07-07,105715681,33504928,16.12,17.10
2021-07-06,104754666,31823025,16.23,16.12
2021-07-05,108887652,27740955,16.61,16.23
2021-07-04,104808681,14610954,16.30,16.61
2021-07-03,101319030,19572818,15.69,16.30
2021-07-02,102255670,21399122,15.43,15.69
2021-07-01,104421796,19534379,15.98,15.43
2021-06-30,98007867,42998853,15.12,15.98
2021-06-29,87196043,27901228,13.48,15.12
2021-06-28,80358322,27520236,12.40,13.48
2021-06-27,74931473,22369361,11.58,12.40
2021-06-26,77398352,28523597,11.91,11.58
2021-06-25,83509739,33259169,12.92,11.91
2021-06-24,74934924,25794214,11.52,12.92
2021-06-23,70913587,32753331,10.96,11.52
2021-06-22,79931805,36840903,12.20,10.96
2021-06-21,105207814,21038326,16.17,12.20
2021-06-20,107211271,25154050,16.53,16.17
2021-06-19,110163235,33144451,16.97,16.53
2021-06-18,117339093,34763870,18.22,16.97
2021-06-17,120469600,40730874,18.58,18.22
2021-06-16,129278674,74159174,19.94,18.58
2021-06-15,128276803,57588741,19.76,19.94
2021-06-14,124223194,47655022,19.09,19.76
2021-06-13,120431260,36443022,18.58,19.09
2021-06-12,128921485,41350938,19.91,18.58
2021-06-11,140836719,38503941,21.72,19.91
2021-06-10,144716410,35901123,22.33,21.72
2021-06-09,137105858,39888960,21.15,22.33
2021-06-08,147528050,43164297,22.65,21.15
2021-06-07,159335509,35913036,24.67,22.65
2021-06-06,151828663,24431090,23.47,24.67
2021-06-05,155428551,37999831,23.85,23.47
2021-06-04,171589951,47401261,26.22,23.85
2021-06-03,162652866,37823461,25.10,26.22
2021-06-02,151607787,25193983,23.39,25.10
2021-06-01,157877383,33185008,24.36,23.39
2021-05-31,149517481,20348688,23.07,24.36
2021-05-30,150077738,31279689,23.09,23.07
2021-05-29,157274137,31744491,24.28,23.09
2021-05-28,175120709,83901547,27.28,24.28
2021-05-27,179539095,45006376,27.49,27.28
2021-05-26,169462242,42690645,26.13,27.49
2021-05-25,168416724,55083931,25.84,26.13
2021-05-24,121505012,32085307,18.93,25.84
2021-05-23,157678667,36794782,24.35,18.93
2021-05-22,167644711,42584064,25.88,24.35
2021-05-21,197315415,73464393,30.04,25.88
2021-05-20,139081780,48644593,21.47,30.04
2021-05-19,209552472,50535591,32.93,21.47
2021-05-18,203732557,54979569,31.24,32.93
2021-05-17,216930072,35780904,33.58,31.24
2021-05-16,221333590,55728515,34.07,33.58
2021-05-15,246010208,41574526,38.22,34.07
2021-05-14,231312172,75106868,35.99,38.22
2021-05-13,243607331,99030725,37.90,35.99
2021-05-12,277953349,64220201,43.76,37.90
2021-05-11,252951294,63433440,39.36,43.76
2021-05-10,291408686,30750198,45.37,39.36
2021-05-09,302415364,39223624,47.09,45.37
2021-05-08,306057735,69129329,47.68,47.09
2021-05-07,311901836,72123236,48.69,47.68
2021-05-06,297616901,57730250,46.67,48.69
2021-05-05,248418200,45085858,38.93,46.67
2021-05-04,275170556,48370059,43.13,38.93
2021-05-03,259538350,41008993,40.71,43.13
2021-05-02,268470475,42709043,42.10,40.71
2021-05-01,257356953,41031094,40.25,42.10
2021-04-30,230621559,34592348,36.17,40.25
2021-04-29,240649176,35246396,37.75,36.17
2021-04-28,242948283,40000843,38.11,37.75
2021-04-27,229651295,41849888,35.98,38.11
2021-04-26,187067501,33927033,29.35,35.98
2021-04-25,186685257,38712636,29.29,29.35
2021-04-24,201135203,47564575,31.56,29.29
2021-04-23,206777725,54035894,32.45,31.56
2021-04-22,236587177,35316170,37.08,32.45
2021-04-21,248743789,61713662,38.73,37.08
2021-04-20,247885832,75358626,38.55,38.73
2021-04-19,283624714,55772507,44.51,38.55
2021-04-18,323258414,46933756,50.65,44.51
2021-04-17,336490482,79097978,52.89,50.65
2021-04-16,322700519,45083976,50.76,52.89
2021-04-15,310465869,60694560,49.22,50.76
2021-04-14,315783913,64040047,49.79,49.22
2021-04-13,300328640,45119776,47.42,49.79
2021-04-12,309668380,56492043,48.89,47.42
2021-04-11,330824343,95669103,52.19,48.89
2021-04-10,361489572,136083755,57.23,52.19
2021-04-09,320814239,106191102,51.03,57.23
2021-04-08,303541089,156928597,48.23,51.03
2021-04-07,268821783,106057263,43.82,48.23
2021-04-06,260846938,76598563,42.86,43.82
2021-04-05,248405029,57150893,40.86,42.86
2021-04-04,228210527,74291472,37.16,40.86
2021-04-03,247485923,48035676,40.70,37.16
2021-04-02,239332651,47298281,39.36,40.70
2021-04-01,244767428,59763517,40.31,39.36
2021-03-31,248891954,110832860,41.38,40.31
2021-03-30,234085405,47393723,39.07,41.38
2021-03-29,215646791,63029818,35.98,39.07
2021-03-28,200639455,30384439,33.54,35.98
2021-03-27,200330152,39934185,33.56,33.54
2021-03-26,183719697,39217237,30.72,33.56
2021-03-25,191055293,58203523,31.92,30.72
2021-03-24,222961788,131837774,37.28,31.92
2021-03-23,218651313,278175597,36.71,37.28
2021-03-22,180994958,102571488,30.52,36.71
2021-03-21,187329296,44078379,31.40,30.52
2021-03-20,194747144,39163303,32.82,31.40
2021-03-19,189860776,49852890,31.89,32.82
2021-03-18,184662147,45360357,30.92,31.89
2021-03-17,180500606,41544820,30.46,30.92
2021-03-16,173923622,44791380,29.33,30.46
2021-03-15,186129453,33684638,31.31,29.33
2021-03-14,196674742,41529031,33.13,31.31
2021-03-13,188707537,33531855,31.95,33.13
2021-03-12,197423577,36695880,33.37,31.95
2021-03-11,201895867,54663922,33.96,33.37
2021-03-10,195517195,40638643,33.00,33.96
2021-03-09,183722573,26676471,31.06,33.00
2021-03-08,183102306,25098196,30.96,31.06
2021-03-07,179303309,26261349,30.55,30.96
2021-03-06,178913563,22140424,30.27,30.55
2021-03-05,174395693,30186155,29.48,30.27
2021-03-04,179443419,33906335,30.40,29.48
2021-03-03,175430291,38889453,29.46,30.40
2021-03-02,179117240,268485500,30.28,29.46
2021-03-01,147566685,27823489,24.72,30.28
2021-02-28,160412036,47229108,27.16,24.72
2021-02-27,152549307,37168331,26.31,27.16
2021-02-26,150782958,48283561,25.49,26.31
2021-02-25,151712271,37685213,25.62,25.49
2021-02-24,144226466,45463975,24.49,25.62
2021-02-23,186018647,49819903,31.52,24.49
2021-02-22,212921048,41283675,36.08,31.52
2021-02-21,205689852,102685830,34.80,36.08
2021-02-20,209653210,55359472,35.74,34.80
2021-02-19,201957129,62080632,34.17,35.74
2021-02-18,185447070,50760108,31.39,34.17
2021-02-17,183475288,50856303,31.06,31.39
2021-02-16,192186195,92066669,32.20,31.06
2021-02-15,198635984,192525877,33.64,32.20
2021-02-14,189428046,125818162,32.41,33.64
2021-02-13,174508607,52030389,29.61,32.41
2021-02-12,159344709,59657181,27.22,29.61
2021-02-11,147722475,58297929,25.14,27.22
2021-02-10,139465392,32695256,23.77,25.14
2021-02-09,130282253,29260240,22.38,23.77
2021-02-08,123532493,30306143,21.06,22.38
2021-02-07,128592292,38561576,21.99,21.06
2021-02-06,134787392,71200489,23.11,21.99
2021-02-05,125195087,46643699,21.20,23.11
2021-02-04,122424003,31471047,21.01,21.20
2021-02-03,111641818,19821512,19.07,21.01
2021-02-02,107526695,20218727,18.43,19.07
2021-02-01,106202863,21885871,18.13,18.43
2021-01-31,108342829,21187110,18.58,18.13
2021-01-30,110742568,23950998,19.08,18.58
2021-01-29,111283090,22494646,19.04,19.08
2021-01-28,102370264,19637876,17.63,19.04
2021-01-27,111328248,17637661,19.20,17.63
2021-01-26,111960320,16032348,19.25,19.20
2021-01-25,114694169,13428145,19.78,19.25
2021-01-24,113754596,18858050,19.54,19.78
2021-01-23,109951018,14749424,19.03,19.54
2021-01-22,105532846,18185943,18.12,19.03
2021-01-21,126212436,27994679,21.78,18.12
2021-01-20,125719981,26065294,21.63,21.78
2021-01-19,124430593,25898117,21.43,21.63
2021-01-18,122612820,22285213,21.23,21.43
2021-01-17,115443227,20759916,20.03,21.23
2021-01-16,110321032,20425303,19.14,20.03
2021-01-15,111521083,14614316,19.42,19.14
2021-01-14,109375391,11103130,19.14,19.42
2021-01-13,102030566,12506857,17.92,19.14
2021-01-12,104000788,20196042,18.29,17.92
2021-01-11,120482668,46480818,21.16,18.29
2021-01-10,114988983,20997865,20.26,21.16
2021-01-09,103610190,14895768,18.34,20.26
2021-01-08,110810862,39008774,19.62,18.34
2021-01-07,106742852,30389278,18.93,19.62
2021-01-06,96956591,11669274,17.29,18.93
2021-01-05,92994054,15166291,16.31,17.29
2021-01-04,98463578,18621339,17.27,16.31
2021-01-03,94740059,15358040,16.80,17.27
2021-01-02,95055264,14106936,16.83,16.80
2021-01-01,93696749,11270177,16.65,16.83
2020-12-31,95139985,12474445,16.82,16.65
2020-12-30,99060347,25813602,17.62,16.82
2020-12-29,91637034,12101014,16.25,17.62
2020-12-28,89608983,9707408,15.77,16.25
2020-12-27,89368433,8386052,15.98,15.77
2020-12-26,94138365,17871357,16.61,15.98
2020-12-25,88804833,9641938,15.86,16.61
2020-12-24,81673542,13895664,14.44,15.86
2020-12-23,97936247,14490727,17.30,14.44
2020-12-22,100361928,30986516,17.69,17.30
2020-12-21,99487406,19872728,17.56,17.69
2020-12-20,110289164,76337632,19.51,17.56
2020-12-19,111432201,206068288,19.72,19.51
2020-12-18,89167309,11565373,16.07,19.72
2020-12-17,90134377,8005154,16.26,16.07
2020-12-16,89018272,10619922,16.07,16.26
2020-12-15,87892446,7654305,15.85,16.07
2020-12-14,85722214,6296536,15.42,15.85
2020-12-13,85707256,7455764,15.53,15.42
2020-12-12,80041572,5872097,14.44,15.53
2020-12-11,84811841,7212900,15.29,14.44
2020-12-10,85635257,9029520,15.63,15.29
2020-12-09,84298901,9744293,15.18,15.63
2020-12-08,91170823,11202745,16.47,15.18
2020-12-07,93251338,22276822,16.90,16.47
2020-12-06,92582560,11312535,16.74,16.90
2020-12-05,81883643,9465227,14.81,16.74
2020-12-04,90068346,16732558,16.36,14.81
2020-12-03,87970415,12039035,15.93,16.36
2020-12-02,83464720,7362093,15.05,15.93
2020-12-01,85485258,6745167,15.41,15.05
2020-11-30,83957367,6233207,15.20,15.41
2020-11-29,84056333,8584861,15.31,15.20
2020-11-28,80851576,7698737,14.69,15.31
2020-11-27,79653320,12385386,14.54,14.69
2020-11-26,89599214,16890421,16.38,14.54
2020-11-25,94327565,20058011,17.29,16.38
2020-11-24,83290014,8517730,15.73,17.29
2020-11-23,81872795,10187027,15.25,15.73
2020-11-22,80909534,7312995,15.26,15.25
2020-11-21,75498837,6362175,14.20,15.26
2020-11-20,75298321,6658366,14.16,14.20
2020-11-19,79039604,8178630,14.79,14.16
2020-11-18,77891860,5696121,14.65,14.79
2020-11-17,74166151,7244640,13.94,14.65
2020-11-16,73908290,6570364,13.90,13.94
2020-11-15,73362262,5576093,13.79,13.90
2020-11-14,75118999,7659389,14.15,13.79
2020-11-13,73314869,5951647,13.77,14.15
2020-11-12,76037495,7006778,14.30,13.77
2020-11-11,73773554,11370317,13.90,14.30
2020-11-10,71445837,10495499,13.48,13.90
2020-11-09,71440715,7150333,13.45,13.48
2020-11-08,69675307,7261124,13.13,13.45
2020-11-07,72262281,11188117,13.65,13.13
2020-11-06,69032277,6615800,13.08,13.65
2020-11-05,68643791,4973003,12.96,13.08
2020-11-04,69818384,7397674,13.18,12.96
2020-11-03,65413751,7136978,12.36,13.18
2020-11-02,66766420,6241937,12.67,12.36
2020-11-01,65408832,5564285,12.50,12.67
2020-10-31,64568340,7714659,12.38,12.50
2020-10-30,65230649,6994949,12.45,12.38
2020-10-29,64743288,6235417,12.45,12.45
2020-10-28,68430001,6142954,13.10,12.45
2020-10-27,67891689,6617804,13.05,13.10
2020-10-26,69302324,5816986,13.34,13.05
2020-10-25,70239761,6645504,13.56,13.34
2020-10-24,70506462,7156883,13.60,13.56
2020-10-23,70521186,7795297,13.61,13.60
2020-10-22,69531194,7058442,13.44,13.61
2020-10-21,67541437,6853498,13.07,13.44
2020-10-20,70382293,6419946,13.67,13.07
2020-10-19,70027150,5848334,13.63,13.67
2020-10-18,69729257,5197573,13.53,13.63
2020-10-17,69996079,6265674,13.58,13.53
2020-10-16,70855709,5982757,13.76,13.58
2020-10-15,72296223,6950061,14.05,13.76
2020-10-14,72662401,6497735,14.11,14.05
2020-10-13,73779921,7641561,14.40,14.11
2020-10-12,73200335,8685694,14.37,14.40
2020-10-11,73456074,8752848,14.40,14.37
2020-10-10,72712073,8462391,14.32,14.40
2020-10-09,68879159,7012441,13.60,14.32
2020-10-08,67046407,6922534,13.23,13.60
2020-10-07,66999597,7546810,13.18,13.23
2020-10-06,71277305,6820677,14.06,13.18
2020-10-05,70510838,7244017,13.86,14.06
2020-10-04,70040836,6255704,13.84,13.86
2020-10-03,67725386,7574697,13.39,13.84
2020-10-02,70781401,6268181,13.96,13.39
2020-10-01,72139354,7410007,14.24,13.96
2020-09-30,71197005,7187651,14.11,14.24
2020-09-29,71986638,7147226,14.27,14.11
2020-09-28,71223274,7031004,14.12,14.27
2020-09-27,72910870,8832371,14.45,14.12
2020-09-26,70903579,11072358,14.09,14.45
2020-09-25,72117209,15741825,14.32,14.09
2020-09-24,63398707,10574766,12.69,14.32
2020-09-23,68072465,8435032,13.73,12.69
2020-09-22,65616708,9697389,13.58,13.73
2020-09-21,70692370,7280727,14.65,13.58
2020-09-20,72609095,7642087,15.05,14.65
2020-09-19,68075614,9559363,14.95,15.05
2020-09-18,69302939,12151102,15.24,14.95
2020-09-17,71761192,7952786,15.72,15.24
2020-09-16,71203448,10588560,15.68,15.72
2020-09-15,72212749,9679764,16.30,15.68
2020-09-14,73425444,9669387,16.59,16.30
2020-09-13,78317429,14660563,17.85,16.59
2020-09-12,79715846,14413577,17.99,17.85
2020-09-11,74161433,9996179,16.79,17.99
2020-09-10,70351190,7638538,16.17,16.79
2020-09-09,66118408,8074050,15.19,16.17
2020-09-08,68907792,8144330,15.88,15.19
2020-09-07,69418114,9352571,15.98,15.88
2020-09-06,66933479,13763040,15.37,15.98
2020-09-05,72085851,13003962,16.71,15.37
2020-09-04,69378532,16075899,16.00,16.71
2020-09-03,88485170,10291779,20.47,16.00
2020-09-02,94004698,14586926,21.70,20.47
2020-09-01,93818177,11633105,21.93,21.70
2020-08-31,94959929,15485822,22.32,21.93
2020-08-30,96314320,13330583,22.61,22.32
2020-08-29,95494602,14858195,22.32,22.61
2020-08-28,90969378,19574368,21.37,22.32
2020-08-27,96018369,11447798,22.59,21.37
2020-08-26,92903885,22732488,21.87,22.59
2020-08-25,99897246,23939163,23.68,21.87
2020-08-24,96738855,18711893,23.64,23.68
2020-08-23,100428090,55004512,24.63,23.64
2020-08-22,110167023,101218700,27.09,24.63
2020-08-21,83374787,14876996,20.62,27.09
2020-08-20,79987041,13521029,19.84,20.62
2020-08-19,83090010,16852660,20.97,19.84
2020-08-18,81982759,20786479,21.88,20.97
2020-08-17,82940033,20902631,22.40,21.88
2020-08-16,82681486,25175124,22.37,22.40
2020-08-15,79416257,20643523,21.73,22.37
2020-08-14,76115386,25141186,20.96,21.73
2020-08-13,73478005,16917335,20.50,20.96
2020-08-12,68438869,18688873,20.41,20.50
2020-08-11,69831793,19168448,21.19,20.41
2020-08-10,71907230,16561787,21.94,21.19
2020-08-09,64476468,11879614,21.18,21.94
2020-08-08,62507479,12959265,20.76,21.18
2020-08-07,64081548,14581742,21.42,20.76
2020-08-06,54962152,11939709,20.92,21.42
2020-08-05,52498333,24675933,20.71,20.92
2020-08-04,26111887,18173451,20.37,20.71
2020-08-03,24151203,16810423,19.01,20.37
2020-08-02,225852387,16876631,20.55,19.01
2020-08-01,218541112,13450298,19.88,20.55
2020-07-31,223528848,18925399,20.29,19.88
2020-07-30,221693772,22807027,20.15,20.29
2020-07-29,239203100,45813875,21.70,20.15
2020-07-28,225965602,36642142,20.36,21.70
2020-07-27,246146186,21862913,22.38,20.36
2020-07-26,253024098,19479514,23.00,22.38
2020-07-25,254516929,31198427,23.14,23.00
2020-07-24,248466988,33872157,22.60,23.14
2020-07-23,260186573,59612104,23.63,22.60
2020-07-22,255711414,76659718,23.44,23.63
2020-07-21,213015729,15906585,19.36,23.44
2020-07-20,209673302,11500756,19.04,19.36
2020-07-19,212891134,13104084,19.35,19.04
2020-07-18,210426373,13427526,19.14,19.35
2020-07-17,210988069,24662186,19.18,19.14
2020-07-16,214411277,21851241,19.49,19.18
2020-07-15,219751752,19765402,19.98,19.49
2020-07-14,203869942,15279015,18.61,19.98
2020-07-13,213532467,14133658,19.47,18.61
2020-07-12,212719642,13716017,19.34,19.47
2020-07-11,211170688,15433726,19.20,19.34
2020-07-10,212214919,23858216,19.29,19.20
2020-07-09,222864043,30612194,20.26,19.29
2020-07-08,217525884,20912570,19.78,20.26
2020-07-07,208035777,19789840,18.93,19.78
2020-07-06,200358563,20018513,18.21,18.93
2020-07-05,208506500,29870871,18.93,18.21
2020-07-04,200187278,27160106,18.18,18.93
2020-07-03,185133683,17341540,16.83,18.18
2020-07-02,184944316,13560164,16.84,16.83
2020-07-01,179939920,14004889,16.36,16.84
2020-06-30,185675826,14219726,16.88,16.36
2020-06-29,174547691,13194601,15.87,16.88
2020-06-28,175035126,23806766,15.99,15.87
2020-06-27,190708086,41216702,17.46,15.99
2020-06-26,177955762,37263715,16.17,17.46
2020-06-25,184565260,17802519,16.79,16.17
2020-06-24,192885453,22563712,17.54,16.79
2020-06-23,199650644,24221221,18.13,17.54
2020-06-22,196066052,27746004,17.82,18.13
2020-06-21,193424474,52813860,17.58,17.82
2020-06-20,204039797,53132213,18.69,17.58
2020-06-19,177660136,27442938,16.25,18.69
2020-06-18,176310723,23408452,16.03,16.25
2020-06-17,172265196,23933502,15.68,16.03
2020-06-16,168058996,26311734,15.28,15.68
2020-06-15,170413667,32575183,15.49,15.28
2020-06-14,184897266,30465058,16.93,15.49
2020-06-13,164014751,22366991,14.94,16.93
2020-06-12,154310669,25664669,13.98,14.94
2020-06-11,172930411,23743193,15.72,13.98
2020-06-10,162711906,13164871,14.79,15.72
2020-06-09,162283619,15475515,14.76,14.79
2020-06-08,160546019,14399266,14.60,14.76
2020-06-07,157201026,9411765,14.29,14.60
2020-06-06,154977892,16546690,14.09,14.29
2020-06-05,158510503,33458132,14.41,14.09
2020-06-04,157015599,13348024,14.34,14.41
2020-06-03,147830205,11576576,13.49,14.34
2020-06-02,149956489,8732018,13.64,13.49
2020-06-01,140144889,8207282,12.81,13.64
2020-05-31,146534360,8475582,13.33,12.81
2020-05-30,140345995,7247839,12.75,13.33
2020-05-29,141102159,7715823,12.85,12.75
2020-05-28,140254571,9774135,12.78,12.85
2020-05-27,137654933,8577858,12.53,12.78
2020-05-26,136554897,12219934,12.46,12.53
2020-05-25,132425496,12710801,12.01,12.46
2020-05-24,138957493,12823833,12.60,12.01
2020-05-23,136799123,10882452,12.44,12.60
2020-05-22,135298095,53430579,12.27,12.44
2020-05-21,142236918,52052785,12.93,12.27
2020-05-20,141411771,44775537,12.88,12.93
2020-05-19,141809953,42808009,12.89,12.88
2020-05-18,141199579,48020977,12.88,12.89
2020-05-17,140119146,42446571,12.79,12.88
2020-05-16,138180860,49072234,12.65,12.79
2020-05-15,141890589,17279804,12.80,12.65
2020-05-14,144370733,11705286,13.12,12.80
2020-05-13,143621396,22429825,13.15,13.12
2020-05-12,151649188,82778345,13.79,13.15
2020-05-11,130533643,41076140,11.88,13.79
2020-05-10,141100080,54645387,12.53,11.88
2020-05-09,154272850,62587762,14.03,12.53
2020-05-08,123822400,31797106,11.21,14.03
2020-05-07,120237382,45024013,10.77,11.21
2020-05-06,121911231,43420191,11.08,10.77
2020-05-05,119208378,36982881,10.83,11.08
2020-05-04,118783709,33745633,10.84,10.83
2020-05-03,123764609,35532789,11.23,10.84
2020-05-02,120630090,34772119,10.93,11.23
2020-05-01,116004554,31671072,10.57,10.93
2020-04-30,120668901,32229237,10.97,10.57
2020-04-29,115971750,27918531,10.54,10.97
2020-04-28,114926499,29350810,10.47,10.54
2020-04-27,114338964,31838428,10.43,10.47
2020-04-26,112131666,33126754,10.17,10.43
2020-04-25,111630995,28833947,10.14,10.17
2020-04-24,109769572,27492759,9.98,10.14
2020-04-23,108982178,19909361,9.91,9.98
2020-04-22,105970285,27890370,9.63,9.91
2020-04-21,105011421,20933122,9.54,9.63
2020-04-20,109632292,18691591,9.98,9.54
2020-04-19,112549124,19276516,10.24,9.98
2020-04-18,109116453,20667813,9.92,10.24
2020-04-17,110484611,22450618,10.04,9.92
2020-04-16,105458426,17718798,9.61,10.04
2020-04-15,109264886,31000612,9.94,9.61
2020-04-14,109412088,29356044,9.95,9.94
2020-04-13,108155973,22569567,9.75,9.95
2020-04-12,108861980,22862986,9.91,9.75
2020-04-11,107859240,23095770,9.75,9.91
2020-04-10,115512983,22165072,10.53,9.75
2020-04-09,113852630,23328088,10.35,10.53
2020-04-08,111693260,26149278,10.15,10.35
2020-04-07,111251997,21771445,10.12,10.15
2020-04-06,106858317,25596294,9.71,10.12
2020-04-05,108258826,21996942,9.86,9.71
2020-04-04,108667045,28969486,9.88,9.86
2020-04-03,110372748,29956572,10.04,9.88
2020-04-02,111480689,32208149,10.15,10.04
2020-04-01,111665206,44059340,10.15,10.15
2020-03-31,110048819,36627598,10.02,10.15
2020-03-30,104790428,7350936,9.57,10.02
2020-03-29,110890216,33521685,10.08,9.57
2020-03-28,112334303,30292459,10.22,10.08
2020-03-27,112954657,37431377,10.27,10.22
2020-03-26,100831178,32620603,9.22,10.27
2020-03-25,94867762,27223740,8.62,9.22
2020-03-24,93035600,30059117,8.46,8.62
2020-03-23,85966216,25773869,7.76,8.46
2020-03-22,94434844,30093333,8.58,7.76
2020-03-21,89469473,27990736,8.14,8.58
2020-03-20,97178812,32958298,8.78,8.14
2020-03-19,87856757,28747829,7.99,8.78
2020-03-18,81130573,26974230,7.30,7.99
2020-03-17,74041561,22432261,6.73,7.30
2020-03-16,83594288,19651829,7.53,6.73
2020-03-15,81414066,16355305,7.43,7.53
2020-03-14,86870188,16980080,7.90,7.43
2020-03-13,72613122,26202281,6.47,7.90
2020-03-12,125576159,42802175,11.42,6.47
2020-03-11,127985873,47200015,11.65,11.42
2020-03-10,130287418,38649476,11.85,11.65
2020-03-09,121494377,27977284,10.99,11.85
2020-03-08,138367180,31266660,12.58,10.99
2020-03-07,139815992,26943318,12.71,12.58
2020-03-06,137832465,24464117,12.53,12.71
2020-03-05,139343353,28393465,12.64,12.53
2020-03-04,134977147,32333342,12.24,12.64
2020-03-03,138520627,38791478,12.62,12.24
2020-03-02,136586967,47760226,12.44,12.62
2020-03-01,122209649,28200595,11.11,12.44
2020-02-29,125732754,28199508,11.39,11.11
2020-02-28,126908154,29793576,11.53,11.39
2020-02-27,124311865,26911730,11.15,11.53
2020-02-26,139716915,32092620,12.68,11.15
2020-02-25,144654704,37909897,13.18,12.68
2020-02-24,151074818,31228428,13.72,13.18
2020-02-23,143772434,26930391,13.07,13.72
2020-02-22,148729957,29348562,13.52,13.07
2020-02-21,151776243,34898107,13.77,13.52
2020-02-20,149165585,24499556,13.48,13.77
2020-02-19,156464123,20899969,14.16,13.48
2020-02-18,152685254,18896581,13.95,14.16
2020-02-17,159229276,20510077,14.48,13.95
2020-02-16,164892392,25509189,14.86,14.48
2020-02-15,180888548,26729977,16.44,14.86
2020-02-14,178425501,23218290,16.24,16.44
2020-02-13,190124525,24310654,17.28,16.24
2020-02-12,184558635,17769599,16.76,17.28
2020-02-11,178266161,19761151,16.23,16.76
2020-02-10,179655673,20245861,16.33,16.23
2020-02-09,178346302,11951442,16.21,16.33
2020-02-08,173710701,15531330,15.80,16.21
2020-02-07,172108346,16195200,15.64,15.80
2020-02-06,171874870,17390138,15.62,15.64
2020-02-05,168263456,31535431,15.41,15.62
2020-02-04,164711370,13628287,14.97,15.41
2020-02-03,157765178,11862088,14.34,14.97
2020-02-02,155916719,12338500,14.17,14.34
2020-02-01,156292826,12116520,14.11,14.17
2020-01-31,161649259,17748184,14.72,14.11
2020-01-30,155174378,21795475,14.08,14.72
2020-01-29,160419707,23968628,14.60,14.08
2020-01-28,160726010,25721360,14.57,14.60
2020-01-27,158358288,25434921,14.41,14.57
2020-01-26,160732284,46837664,14.66,14.41
2020-01-25,163084084,40618434,14.93,14.66
2020-01-24,149208091,16256776,13.66,14.93
2020-01-23,153324537,22132869,13.91,13.66
2020-01-22,154468356,21709870,14.07,13.91
2020-01-21,155053896,25845291,14.10,14.07
2020-01-20,148133946,20247780,13.47,14.10
2020-01-19,154796972,23360996,14.06,13.47
2020-01-18,165076395,36416322,14.93,14.06
2020-01-17,175401991,86844848,15.95,14.93
2020-01-16,166677028,25994139,16.13,15.95
2020-01-15,111701362,8335573,10.16,16.13
2020-01-14,104152065,8502369,9.46,10.16
2020-01-13,105142262,7836305,9.55,9.46
2020-01-12,103597024,5977858,9.40,9.55
2020-01-11,101369665,7628729,9.29,9.40
2020-01-10,101983467,6958855,9.27,9.29
2020-01-09,104737224,8171692,9.51,9.27
2020-01-08,104929220,7302412,9.54,9.51
2020-01-07,106241031,9755781,9.66,9.54
2020-01-06,102231387,8550915,9.30,9.66
2020-01-05,99502280,7584219,9.07,9.30
2020-01-04,97085681,8628381,8.79,9.07
2020-01-03,93452431,7694801,8.51,8.79
2020-01-02,95332503,7792812,8.66,8.51
2020-01-01,96685127,6591945,8.79,8.66
2019-12-31,99515384,7860658,9.05,8.79
2019-12-30,100773450,5806036,9.15,9.05
2019-12-29,100060421,5221757,9.08,9.15
2019-12-28,102034731,6014265,9.27,9.08
2019-12-27,101610622,7894179,9.25,9.27
2019-12-26,103185448,8079725,9.37,9.25
2019-12-25,106290497,8984263,9.70,9.37
2019-12-24,107492539,7304838,9.77,9.70
2019-12-23,107775224,6122512,9.79,9.77
2019-12-22,107334473,5498116,9.80,9.79
2019-12-21,107711796,5812331,9.79,9.80
2019-12-20,104604573,6650890,9.55,9.79
2019-12-19,109584184,6869882,9.99,9.55
2019-12-18,95351338,7830451,8.67,9.99
2019-12-17,105241164,7368194,9.55,8.67
2019-12-16,109898627,9234460,10.00,9.55
2019-12-15,108565680,8332199,9.85,10.00
2019-12-14,111773871,6831749,10.14,9.85
2019-12-13,110917461,8490574,10.07,10.14
2019-12-12,111930146,9197989,10.19,10.07
2019-12-11,113404603,10630602,10.23,10.19
2019-12-10,111508256,8570085,10.14,10.23
2019-12-09,114585573,6441787,10.37,10.14
2019-12-08,113619117,5877914,10.36,10.37
2019-12-07,114612177,8355265,10.42,10.36
2019-12-06,117153097,8911352,10.65,10.42
2019-12-05,109732233,6931855,9.96,10.65
2019-12-04,111888195,5873300,10.17,9.96
2019-12-03,112187094,6510771,10.20,10.17
2019-12-02,116937971,4781389,10.67,10.20
2019-12-01,119021893,5128027,10.82,10.67
2019-11-30,119849498,6205478,10.93,10.82
2019-11-29,117670014,5592036,10.68,10.93
2019-11-28,118889608,7871960,10.79,10.68
2019-11-27,119141731,11230684,10.85,10.79
2019-11-26,114998538,9465643,10.47,10.85
2019-11-25,113312992,6966929,10.23,10.47
2019-11-24,123389674,12697948,11.23,10.23
2019-11-23,118880538,13570280,10.80,11.23
2019-11-22,125587784,17071051,11.43,10.80
2019-11-21,130691798,26312717,12.03,11.43
2019-11-20,113996838,8336521,10.37,12.03
2019-11-19,120523010,8836959,10.95,10.37
2019-11-18,125635563,7274160,11.46,10.95
2019-11-17,122320008,7718604,11.11,11.46
2019-11-16,118837596,6942887,10.79,11.11
2019-11-15,122572488,8448726,11.18,10.79
2019-11-14,126725379,6761042,11.49,11.18
2019-11-13,128584139,9118685,11.68,11.49
2019-11-12,129752917,8064990,11.79,11.68
2019-11-11,133855662,11848523,12.18,11.79
2019-11-10,131046666,16251765,11.96,12.18
2019-11-09,124185694,13696894,11.29,11.96
2019-11-08,123592369,11934598,11.24,11.29
2019-11-07,125430690,11721861,11.43,11.24
2019-11-06,133426185,16930673,12.13,11.43
2019-11-05,133758431,27334231,12.15,12.13
2019-11-04,111254913,15120509,10.18,12.15
2019-11-03,109181488,13391501,9.90,10.18
2019-11-02,99691500,10230157,9.06,9.90
2019-11-01,98609605,8419233,8.98,9.06
2019-10-31,98202443,8382437,8.93,8.98
2019-10-30,101295884,13989224,9.21,8.93
2019-10-29,99426605,10528211,9.02,9.21
2019-10-28,92620096,6310692,8.42,9.02
2019-10-27,90492116,8590529,8.24,8.42
2019-10-26,87860192,4233694,8.00,8.24
2019-10-25,82940616,2962267,7.54,8.00
2019-10-24,80622177,3632095,7.35,7.54
2019-10-23,87425199,6058268,7.94,7.35
2019-10-22,90360724,5082946,8.21,7.94
2019-10-21,89739034,5644039,8.14,8.21
2019-10-20,88534220,5478177,8.05,8.14
2019-10-19,91164416,5620550,8.29,8.05
2019-10-18,90674818,31054563,8.24,8.29
2019-10-17,88742992,5894441,8.06,8.24
2019-10-16,89628840,6123518,8.15,8.06
2019-10-15,90965224,6016105,8.27,8.15
2019-10-14,91080975,13970139,8.24,8.27
2019-10-13,89757785,7927077,8.14,8.24
2019-10-12,89507324,7356100,8.14,8.14
2019-10-11,92844473,7517873,8.46,8.14
2019-10-10,94721351,9421892,8.61,8.46
2019-10-09,92387831,10083354,8.40,8.61
2019-10-08,91489296,11630505,8.32,8.40
2019-10-07,88073344,3813387,8.01,8.32
2019-10-06,89318961,3141951,8.12,8.01
2019-10-05,89250071,5468217,8.11,8.12
2019-10-04,89866308,5592867,8.17,8.11
2019-10-03,91109572,4966199,8.28,8.17
2019-10-02,91109572,4966199,8.28,8.28
2019-10-01,91906650,7098827,8.36,8.28
2019-09-30,89749453,6767460,8.16,8.36
2019-09-29,91635631,6308124,8.33,8.16
2019-09-28,91652668,9538546,8.33,8.33
2019-09-27,88149473,10345799,7.99,8.33
2019-09-26,94599834,12173088,8.60,7.99
2019-09-25,99350358,11053524,8.94,8.60
2019-09-24,115528183,11116693,10.50,8.94
2019-09-23,116501492,9891096,10.59,10.50
2019-09-22,118690503,11152565,10.79,10.59
2019-09-21,119120156,8597748,10.83,10.79
2019-09-20,118099856,8273768,10.72,10.83
2019-09-19,116827463,10302374,10.63,10.72
2019-09-18,117627077,15118718,10.68,10.63
2019-09-17,115104663,10428859,10.49,10.68
2019-09-16,114875424,8725799,10.44,10.49
2019-09-15,117150070,8850590,10.57,10.44
2019-09-14,115094189,8132841,10.46,10.57
2019-09-13,116013402,13691840,10.57,10.46
2019-09-12,112873893,8631025,10.26,10.57
2019-09-11,113042324,9511429,10.28,10.26
2019-09-10,116931968,9986901,10.61,10.28
2019-09-09,120130287,12786944,10.93,10.61
2019-09-08,118966036,22651814,10.82,10.93
2019-09-07,123331677,36528845,11.15,10.82
2019-09-06,101020662,10326274,9.18,11.15
2019-09-05,92481261,16295100,8.42,9.18
2019-09-04,90812422,9735069,8.25,8.42
2019-09-03,89826762,7870555,8.17,8.25
2019-09-02,88475665,6986845,8.04,8.17
2019-09-01,87425209,5161790,7.96,8.04
2019-08-31,89572077,6428346,8.12,7.96
2019-08-30,88769331,9248723,8.07,8.12
2019-08-29,91751655,12035566,8.37,8.07
2019-08-28,103527750,9029836,9.41,8.37
2019-08-27,105807168,8644996,9.62,9.41
2019-08-26,105078957,9548013,9.55,9.62
2019-08-25,108033231,10304632,9.83,9.55
2019-08-24,107590726,8210240,9.77,9.83
2019-08-23,109808979,7451527,9.98,9.77
2019-08-22,108535007,9995951,9.87,9.98
2019-08-21,111430950,9800397,10.10,9.87
2019-08-20,112753868,8022851,10.25,10.10
2019-08-19,106311608,8800262,9.69,10.25
2019-08-18,104992258,6200187,9.55,9.69
2019-08-17,106647274,5315559,9.67,9.55
2019-08-16,110349027,6606716,10.05,9.67
2019-08-15,106295769,9329887,9.66,10.05
2019-08-14,116667460,7967578,10.63,9.66
2019-08-13,119926405,7360894,10.90,10.63
2019-08-12,120921316,7593343,10.99,10.90
2019-08-11,119600854,13477627,10.83,10.99
2019-08-10,120098876,11616043,10.92,10.83
2019-08-09,122855044,10046648,11.17,10.92
2019-08-08,121858705,11489928,11.08,11.17
2019-08-07,120851797,15896132,11.05,11.08
2019-08-06,131110093,20589810,11.90,11.05
2019-08-05,119786618,10551214,10.88,11.90
2019-08-04,122345943,11058414,11.12,10.88
2019-08-03,122328181,9014836,11.12,11.12
2019-08-02,121825839,9290926,11.09,11.12
2019-08-01,126776402,11288487,11.55,11.09
2019-07-31,128393270,5642066,11.68,11.55
2019-07-30,123472748,6764862,11.22,11.68
2019-07-29,122880697,6746174,11.13,11.22
2019-07-28,121988845,6484294,11.08,11.13
2019-07-27,127451191,6675807,11.55,11.08
2019-07-26,126537654,6684720,11.48,11.55
2019-07-25,129545007,8227249,11.78,11.48
2019-07-24,129227683,8416980,11.75,11.78
2019-07-23,132996900,5431592,12.08,11.75
2019-07-22,139503654,6917026,12.70,12.08
2019-07-21,141688058,8861178,12.85,12.70
2019-07-20,137160444,8575771,12.48,12.85
2019-07-19,134743367,8982468,12.15,12.48
2019-07-18,123251271,6345036,11.20,12.15
2019-07-17,118425871,9669199,10.77,11.20
2019-07-16,144358343,9622052,13.05,10.77
2019-07-15,147377661,9133873,13.40,13.05
2019-07-14,163040192,9966339,14.85,13.40
2019-07-13,169806888,16382529,15.31,14.85
2019-07-12,157106720,12053070,14.28,15.31
2019-07-11,169364765,29193496,15.37,14.28
2019-07-10,180497613,35785165,16.41,15.37
2019-07-09,161353302,19980564,14.69,16.41
2019-07-08,164226667,20367748,14.93,14.69
2019-07-07,159785090,22520113,14.51,14.93
2019-07-06,154833548,23023129,14.08,14.51
2019-07-05,158316215,24650185,14.40,14.08
2019-07-04,165867865,23394438,14.66,14.40
2019-07-03,163584880,10707225,14.89,14.66
2019-07-02,167203736,23091968,15.21,14.89
2019-07-01,178627658,26285104,16.28,15.21
2019-06-30,187394297,27090403,17.02,16.28
2019-06-29,186875436,13214499,17.00,17.02
2019-06-28,186975378,37356291,17.02,17.00
2019-06-27,198149803,33331632,18.01,17.02
2019-06-26,197889480,30693347,18.41,18.01
2019-06-25,201384282,12787397,18.31,18.41
2019-06-24,200426215,10613540,18.23,18.31
2019-06-23,204455208,12688306,18.59,18.23
2019-06-22,201186949,10082461,18.29,18.59
2019-06-21,199006107,10078249,18.08,18.29
2019-06-20,201869577,9756329,18.35,18.08
2019-06-19,199233169,21947827,18.12,18.35
2019-06-18,204865727,16568996,18.64,18.12
2019-06-17,205652320,13803278,18.63,18.64
2019-06-16,206071598,11583038,18.73,18.63
2019-06-15,201252861,16287702,18.27,18.73
2019-06-14,202781503,13398232,18.46,18.27
2019-06-13,204302545,14411562,18.60,18.46
2019-06-12,205969422,13978274,18.72,18.60
2019-06-11,209053483,16244644,19.02,18.72
2019-06-10,195545419,21336768,17.83,19.02
2019-06-09,211203186,15391090,19.20,17.83
2019-06-08,203732501,15235922,18.49,19.20
2019-06-07,193555709,17758905,17.62,18.49
2019-06-06,197689621,27569906,17.97,17.62
2019-06-05,187622389,24212420,17.06,17.97
2019-06-04,203925946,23879949,18.55,17.06
2019-06-03,216943948,25164454,19.73,18.55
2019-06-02,215275250,13156162,19.56,19.73
2019-06-01,216853111,21738617,19.69,19.56
2019-05-31,213816034,26678781,19.42,19.69
2019-05-30,227742855,29299111,20.74,19.42
2019-05-29,225840677,23514357,20.53,20.74
2019-05-28,223491095,23268385,20.31,20.53
2019-05-27,220239996,20246809,20.01,20.31
2019-05-26,213669740,20027533,19.44,20.01
2019-05-25,212268750,16850815,19.30,19.44
2019-05-24,215183677,10505203,19.52,19.30
2019-05-23,214855927,12742832,19.45,19.52
2019-05-22,224920661,22191735,20.45,19.45
2019-05-21,233990462,14447683,21.26,20.45
2019-05-20,251049615,19628287,22.80,21.26
2019-05-19,240911602,16460323,21.86,22.80
2019-05-18,233732095,20310105,21.30,21.86
2019-05-17,254491459,18611967,23.07,21.30
2019-05-16,264159393,13111758,24.09,23.07
2019-05-15,233199066,16730967,21.21,24.09
2019-05-14,223867723,20678760,20.35,21.21
2019-05-13,220502253,40602117,20.56,20.35
2019-05-12,234977555,41730296,21.37,20.56
2019-05-11,218098655,30375849,20.10,21.37
2019-05-10,211452654,38114293,19.21,20.10
2019-05-09,219422281,60139971,19.85,19.21
2019-05-08,222957071,58933009,20.18,19.85
2019-05-07,228285713,60214643,20.75,20.18
2019-05-06,222260319,10580289,20.20,20.75
2019-05-05,225045685,51374526,20.46,20.20
2019-05-04,227732231,55838307,20.70,20.46
2019-05-03,225096891,23371918,20.47,20.70
2019-05-02,224060174,9744473,20.38,20.47
2019-05-01,232204215,7662827,21.09,20.38
2019-04-30,226209290,7959156,20.57,21.09
2019-04-29,235281440,9160009,21.38,20.57
2019-04-28,240268953,11382350,21.82,21.38
2019-04-27,245004600,12002111,22.15,21.82
2019-04-26,235547375,12818915,21.44,22.15
2019-04-25,238732127,11668060,21.71,21.44
2019-04-24,238428436,12926204,21.71,21.71
2019-04-23,251621579,17829129,22.88,21.71
2019-04-22,229439899,11876214,20.85,22.88
2019-04-21,238031837,11903240,21.64,20.85
2019-04-20,242826210,14465975,22.07,21.64
2019-04-19,233929724,21449921,21.29,22.07
2019-04-18,220232539,8700852,20.05,21.29
2019-04-17,209487074,8423399,19.04,20.05
2019-04-16,205974100,9217095,18.70,19.04
2019-04-15,221813362,10014657,20.22,18.70
2019-04-14,207004161,6079162,18.82,20.22
2019-04-13,213578040,9805311,19.41,18.82
2019-04-12,201069650,7258904,18.26,19.41
2019-04-11,219296211,7151568,19.94,18.26
2019-04-10,225744041,10744727,20.50,19.94
2019-04-09,243695725,15167664,22.28,20.50
2019-04-08,243668858,10258597,22.18,22.28
2019-04-07,234377658,10162354,21.24,22.18
2019-04-06,215809210,5365804,19.63,21.24
2019-04-05,211781382,8907100,19.28,19.63
2019-04-04,217764885,37592546,19.78,19.28
2019-04-03,195391443,11261063,17.68,19.78
2019-04-02,173632237,3774925,15.78,17.68
2019-04-01,170092646,6127865,15.46,15.78
2019-03-31,172628815,13552412,15.73,15.46
2019-03-30,161411289,3932812,14.71,15.73
2019-03-29,159781396,3620946,14.53,14.71
2019-03-28,160810026,5247409,14.61,14.53
2019-03-27,155317608,3416986,14.12,14.61
2019-03-26,155854416,3415759,14.16,14.12
2019-03-25,158009096,3980321,14.36,14.16
2019-03-24,158888277,3866275,14.44,14.36
2019-03-23,157313428,3317632,14.30,14.44
2019-03-22,156974373,4076947,14.27,14.30
2019-03-21,164001065,3369960,14.91,14.27
2019-03-20,160365115,2993022,14.58,14.91
2019-03-19,163337189,6399396,14.88,14.58
2019-03-18,160229796,2535769,14.57,14.88
2019-03-17,157149633,2830583,14.30,14.57
2019-03-16,159214285,7482657,14.47,14.30
2019-03-15,155845400,9129657,14.17,14.47
2019-03-14,153079343,5801497,13.91,14.17
2019-03-13,152743560,7058289,13.87,13.91
2019-03-12,159882641,18527546,14.42,13.87
2019-03-11,149351001,3442747,13.58,14.42
2019-03-10,143478972,5430519,13.04,13.58
2019-03-09,138520956,4566469,12.59,13.04
2019-03-08,140761070,4253466,12.79,12.59
2019-03-07,137700959,2964699,12.52,12.79
2019-03-06,139554040,3077059,12.69,12.52
2019-03-05,133612141,3170033,12.12,12.69
2019-03-04,140072881,4437308,12.74,12.12
2019-03-03,137825239,2238900,12.53,12.74
2019-03-02,139370395,2122873,12.65,12.53
2019-03-01,137237867,3291845,12.48,12.65
2019-02-28,140338860,3211091,12.72,12.48
2019-02-27,141015405,3445905,12.82,12.72
2019-02-26,142499060,3358666,12.95,12.82
2019-02-25,138388635,5350967,12.50,12.95
2019-02-24,154459066,2683802,14.05,12.50
2019-02-23,151966789,2980371,13.82,14.05
2019-02-22,150516836,2644560,13.72,13.82
2019-02-21,154844803,2132809,14.08,13.72
2019-02-20,153783667,4099676,13.97,14.08
2019-02-19,156312316,5512812,14.22,13.97
2019-02-18,149955879,3281226,13.73,14.22
2019-02-17,148247227,2828066,13.48,13.73
2019-02-16,147740862,3801187,13.42,13.48
2019-02-15,147600885,6389859,13.42,13.42
2019-02-14,147733299,5716391,13.43,13.42
2019-02-13,149025380,10966573,13.58,13.43
2019-02-12,146692131,4195152,13.34,13.58
2019-02-11,148052797,5096118,13.46,13.34
2019-02-10,151615933,5788926,13.78,13.46
2019-02-09,150689638,5823454,13.70,13.78
2019-02-08,143975182,4861254,13.09,13.70
2019-02-07,142922295,7680724,12.99,13.09
2019-02-06,147548343,6550867,13.46,12.99
2019-02-05,149334333,9850673,13.58,13.46
2019-02-04,157612094,19009615,14.32,13.58
2019-02-03,159094069,20616436,14.46,14.32
2019-02-02,138944716,9066603,12.63,14.46
2019-02-01,137915652,9046725,12.44,12.63
2019-01-31,131141852,9086099,11.92,12.44
2019-01-30,131787011,13955005,11.96,11.92
2019-01-29,123553859,11034639,11.23,11.96
2019-01-28,141759359,8418879,12.88,11.23
2019-01-27,149355016,5557459,13.58,12.88
2019-01-26,153753281,6878677,13.98,13.58
2019-01-25,162141086,9870660,14.74,13.98
2019-01-24,158973930,9277995,14.45,14.74
2019-01-23,166549923,16997268,15.14,14.45
2019-01-22,183012533,14754827,16.65,15.14
2019-01-21,197783315,42314768,17.98,16.65
2019-01-20,189685446,39352762,17.19,17.98
2019-01-19,165914702,50628395,15.11,17.19
2019-01-18,164049421,49362471,14.91,15.11
2019-01-17,151176031,21745105,13.82,14.91
2019-01-16,105672139,6620101,9.63,13.82
2019-01-15,110498685,6689950,10.04,9.63
2019-01-14,88968406,1261130,8.09,10.04
2019-01-13,98297242,1252492,8.94,8.09
2019-01-12,101906978,2146546,9.27,8.94
2019-01-11,99208527,2441054,8.99,9.27
2019-01-10,107840219,2159999,9.80,8.99
2019-01-09,109132538,2067324,9.92,9.80
2019-01-08,102327563,1475638,9.31,9.92
2019-01-07,103331181,1553375,9.39,9.31
2019-01-06,101343436,3008399,9.21,9.39
2019-01-05,100718653,1072874,9.16,9.21
2019-01-04,93551717,2516694,8.50,9.16
2019-01-03,96211603,1615851,8.74,8.50
2019-01-02,89300370,1786778,8.12,8.74
2019-01-01,84478202,1020983,7.69,8.12
2018-12-31,88842843,1487655,8.08,7.69
2018-12-30,89997737,3229510,8.18,8.08
2018-12-29,87933958,1356058,7.99,8.18
2018-12-28,79227093,1136864,7.20,7.99
2018-12-27,87776429,1279739,7.98,7.20
2018-12-26,84945170,2148015,7.72,7.98
2018-12-25,96422887,4882781,8.74,7.72
2018-12-24,91941543,4651887,8.39,8.74
2018-12-23,81097854,718003,7.42,8.39
2018-12-22,77515686,1471489,7.05,7.42
2018-12-21,80767818,1926778,7.36,7.05
2018-12-20,75024041,3276311,6.82,7.36
2018-12-19,70444929,3833982,6.40,6.82
2018-12-18,68299569,864808,6.21,6.40
2018-12-17,62011443,1055686,5.63,6.21
2018-12-16,61183584,1724848,5.56,5.63
2018-12-15,63076974,1844498,5.74,5.56
2018-12-14,67825028,1649448,6.17,5.74
2018-12-13,75124220,2757456,6.83,6.17
2018-12-12,70065407,1273838,6.37,6.83
2018-12-11,64760737,1127205,5.88,6.37
2018-12-10,69895130,838683,6.34,5.88
2018-12-09,67795913,1052177,6.16,6.34
2018-12-08,69868343,2680375,6.35,6.16
2018-12-07,75105280,1471980,6.79,6.35
2018-12-06,81876818,1004409,7.44,6.79
2018-12-05,89732611,1384522,8.17,7.44
2018-12-04,86588469,1194634,7.87,8.17
2018-12-03,92334124,1684912,8.39,7.87
2018-12-02,95931644,1471605,8.70,8.39
2018-12-01,90463828,1249500,8.22,8.70
2018-11-30,95757408,1211898,8.70,8.22
2018-11-29,94800349,1638220,8.60,8.70
2018-11-28,85958337,1230715,7.81,8.60
2018-11-27,85420244,1706878,7.75,7.81
2018-11-26,87819283,1985099,7.99,7.75
2018-11-25,91545487,1061617,8.32,7.99
2018-11-24,102941854,3308021,9.36,8.32
2018-11-23,110552071,3053747,9.98,9.36
2018-11-22,99388681,1273252,9.07,9.98
2018-11-21,90784678,1972867,8.33,9.07
2018-11-20,98272150,2489232,8.92,8.33
2018-11-19,122297177,947785,11.11,8.92
2018-11-18,120480842,974839,10.96,11.11
2018-11-17,123737817,1368380,11.25,10.96
2018-11-16,123357620,1398714,11.21,11.25
2018-11-15,124601086,1618662,11.33,11.21
2018-11-14,145266948,1549392,13.22,11.33
2018-11-13,147852443,1758197,13.44,13.22
2018-11-12,152712851,2018669,13.88,13.44
2018-11-11,162163059,1821642,14.81,13.88
2018-11-10,161987148,1989675,14.72,14.81
2018-11-09,163631646,1915510,14.85,14.72
2018-11-08,163626525,1754669,14.90,14.85
2018-11-07,161811656,1727120,14.72,14.90
2018-11-06,159761097,2101227,14.52,14.72
2018-11-05,159657569,1771821,14.52,14.52
2018-11-04,169210286,2963688,15.38,14.52
2018-11-03,160341700,2889224,14.58,15.38
2018-11-02,158196317,1404424,14.38,14.58
2018-11-01,158535440,1502543,14.41,14.38
2018-10-31,160191824,1791376,14.56,14.41
2018-10-30,156691137,3635454,14.24,14.56
2018-10-29,163514078,3555371,14.87,14.24
2018-10-28,153765579,3963543,13.98,14.87
2018-10-27,151351197,1995889,13.76,13.98
2018-10-26,151170440,2390821,13.74,13.76
2018-10-25,157453385,11353517,14.31,13.74
2018-10-24,150137425,1735703,13.65,14.31
2018-10-23,146708758,2032005,13.34,13.65
2018-10-22,145117637,2483981,13.20,13.34
2018-10-21,140065378,1708148,12.73,13.20
2018-10-20,136626155,2242607,12.42,12.73
2018-10-19,139419462,2228116,12.67,12.42
2018-10-18,142607134,3060205,12.96,12.67
2018-10-17,140684503,1747560,12.79,12.96
2018-10-16,136420679,2581777,12.48,12.79
2018-10-15,134315232,1760019,12.20,12.48
2018-10-14,138282817,4353620,12.57,12.20
2018-10-13,130384941,2710268,11.85,12.57
2018-10-12,129449733,2726723,11.75,11.85
2018-10-11,146389707,2865802,13.32,11.75
2018-10-10,144582841,1746093,13.15,13.32
2018-10-09,145178605,1820152,13.20,13.15
2018-10-08,140800036,1538191,12.80,13.20
2018-10-07,139110555,1937268,12.65,12.80
2018-10-06,140586448,2624919,12.78,12.65
2018-10-05,142072111,1711691,12.92,12.78
2018-10-04,142394330,1543532,12.92,12.92
2018-10-03,145083655,2324541,13.19,12.92
2018-10-02,145650833,1776476,13.24,13.19
2018-10-01,147406858,2509607,13.40,13.24
2018-09-30,148737203,2577059,13.51,13.40
2018-09-29,145198994,1909204,13.20,13.51
2018-09-28,148321970,2277221,13.48,13.20
2018-09-27,140932856,1493192,12.81,13.48
2018-09-26,143554837,5259447,13.05,12.81
2018-09-25,145358515,2009807,13.21,13.05
2018-09-24,149656292,2090447,13.61,13.21
2018-09-23,150751791,2044980,13.70,13.61
2018-09-22,157497730,3639720,14.32,13.70
2018-09-21,144567667,8675662,13.14,14.32
2018-09-20,136921514,38995510,12.45,13.14
2018-09-19,140190830,73648262,12.75,12.45
2018-09-18,133754324,67703181,12.16,12.75
2018-09-17,148447256,67082603,13.50,12.16
2018-09-16,145628622,33996560,13.24,13.50
2018-09-15,149239006,6251339,13.57,13.24
2018-09-14,151487824,11525853,13.76,13.57
2018-09-13,145694594,42557693,13.24,13.76
2018-09-12,153780921,59390427,13.97,13.24
2018-09-11,156446611,3541710,14.21,13.97
2018-09-10,160689850,9198830,14.59,14.21
2018-09-09,155695081,2972968,14.15,14.59
2018-09-08,169467668,3514468,15.40,14.15
2018-09-07,182040760,3177399,16.54,15.40
2018-09-06,193821436,3223105,17.61,16.54
2018-09-05,228505798,1722951,20.77,17.61
2018-09-04,225895703,2337152,20.53,20.77
2018-09-03,222034550,2280707,20.18,20.53
2018-09-02,224326149,2392238,20.37,20.18
2018-09-01,215468942,2516556,19.51,20.37
2018-08-31,219246254,2275713,19.93,19.51
2018-08-30,227081794,2431371,20.64,19.93
2018-08-29,231282333,2633673,21.01,20.64
2018-08-28,220340441,1563319,20.08,21.01
2018-08-27,212074205,1529502,19.34,20.08
2018-08-26,210432959,1848610,19.13,19.34
2018-08-25,208448070,2732090,18.93,19.13
2018-08-24,209949090,1538464,19.09,18.93
2018-08-23,203942118,2023694,18.54,19.09
2018-08-22,212658575,2361325,19.36,18.54
2018-08-21,194781398,2053128,17.71,19.36
2018-08-20,205195507,1505906,18.65,17.71
2018-08-19,199239569,3408450,18.11,18.65
2018-08-18,213255052,4454381,19.40,18.11
2018-08-17,184788873,3668218,16.80,19.40
2018-08-16,182334993,3187520,16.56,16.80
2018-08-15,179072975,6736012,16.28,16.56
2018-08-14,209575164,2779026,19.05,16.28
2018-08-13,230751489,3633771,20.98,19.05
2018-08-12,227720106,4613426,20.70,20.98
2018-08-11,255111697,5015526,23.19,20.70
2018-08-10,283910619,7998434,25.81,23.19
2018-08-09,246758958,4488112,22.43,25.81
2018-08-08,294109696,2497896,26.74,22.43
2018-08-07,308339263,2239125,28.03,26.74
2018-08-06,313207821,2729513,28.47,28.03
2018-08-05,307348137,2455497,27.94,28.47
2018-08-04,324294277,3957250,29.48,27.94
2018-08-03,324084594,5763578,29.46,29.48
2018-08-02,330755630,5535114,30.07,29.46
2018-08-01,331366363,5218620,30.12,30.07
2018-07-31,344493018,7286328,31.32,30.12
2018-07-30,333957494,4379497,30.36,31.32
2018-07-29,331477496,2669987,30.13,30.36
2018-07-28,335820059,5986138,30.53,30.13
2018-07-27,328978752,8376699,29.91,30.53
2018-07-26,329668340,15850063,29.97,29.91
2018-07-25,335431046,30041785,30.49,29.97
2018-07-24,354642396,27751898,32.24,30.49
2018-07-23,390889906,57451307,35.54,32.24
2018-07-22,327782714,2195045,29.80,35.54
2018-07-21,313091155,3429594,28.46,29.80
2018-07-20,333726547,5437911,30.34,28.46
2018-07-19,371602478,10211638,33.78,30.34
2018-07-18,378680647,8321981,34.43,33.78
2018-07-17,354954633,5623227,32.27,34.43
2018-07-16,313710657,3720385,28.52,32.27
2018-07-15,313530842,2286217,28.50,28.52
2018-07-14,308161859,9824010,28.01,28.50
2018-07-13,330542629,3377948,30.05,28.01
2018-07-12,349958291,3201886,31.81,30.05
2018-07-11,339993657,3086472,30.91,31.81
2018-07-10,407657121,8026737,37.06,30.91
2018-07-09,435741520,21109390,39.61,37.06
2018-07-08,391693804,11757974,35.61,39.61
2018-07-07,426406712,18552413,38.76,35.61
2018-07-06,397777743,4214469,36.16,38.76
2018-07-05,391850551,3465569,35.62,36.16
2018-07-04,385918360,3075896,35.08,35.62
2018-07-03,401956508,4119057,36.54,35.08
2018-07-02,378127437,2700040,34.38,36.54
2018-07-01,388514026,5640260,35.32,34.38
2018-06-30,357922248,5179636,32.54,35.32
2018-06-29,334005419,6682151,30.36,32.54
2018-06-28,328498448,1727121,29.86,30.36
2018-06-27,331805304,2705300,30.16,29.86
2018-06-26,352193390,2148691,32.02,30.16
2018-06-25,336027772,2201460,30.55,32.02
2018-06-24,336866336,1562490,30.62,30.55
2018-06-23,338298129,3076935,30.75,30.62
2018-06-22,380215138,1454425,34.57,30.75
2018-06-21,390151090,2793965,35.47,34.57
2018-06-20,398065797,2562870,36.19,35.47
2018-06-19,376863622,2091511,34.26,36.19
2018-06-18,369018012,2324095,33.55,34.26
2018-06-17,366312751,1886508,33.30,33.55
2018-06-16,359835039,2505460,32.71,33.30
2018-06-15,378786183,3791338,34.44,32.71
2018-06-14,338881883,3643159,30.81,34.44
2018-06-13,343286853,3534912,31.21,30.81
2018-06-12,368582445,1945262,33.51,31.21
2018-06-11,362509536,2648884,32.96,33.51
2018-06-10,404543217,1663036,36.78,32.96
2018-06-09,419892811,1769465,38.17,36.78
2018-06-08,424428723,4323713,38.58,38.17
2018-06-07,418082687,3229139,38.01,38.58
2018-06-06,416816279,2859308,37.89,38.01
2018-06-05,412737940,4114937,37.52,37.89
2018-06-04,440895782,4254338,40.08,37.52
2018-06-03,442257288,5317995,40.21,40.08
2018-06-02,428537036,5603370,38.96,40.21
2018-06-01,417211608,6128171,37.93,38.96
2018-05-31,400700375,23795539,36.43,37.93
2018-05-30,414459055,7750631,37.68,36.43
2018-05-29,364445678,4470846,33.13,37.68
2018-05-28,422510562,1761571,38.41,33.13
2018-05-27,432876027,2127822,39.35,38.41
2018-05-26,438050723,3188376,39.82,39.35
2018-05-25,461292675,5035198,41.94,39.82
2018-05-24,467090201,6942303,42.46,41.94
2018-05-23,502962071,6091625,45.72,42.46
2018-05-22,569222221,5002706,51.75,45.72
2018-05-21,595920945,4901455,54.17,51.75
2018-05-20,589555962,6493928,53.60,54.17
2018-05-19,605626774,20779877,55.06,53.60
2018-05-18,623410041,47672635,56.67,55.06
2018-05-17,554013614,9451322,50.36,56.67
2018-05-16,594235519,32623712,54.02,50.36
2018-05-15,595486512,26336597,54.14,54.02
2018-05-14,581156057,21789023,52.83,54.14
2018-05-13,570981616,44846227,51.91,52.83
2018-05-12,611505966,211425645,55.59,51.91
2018-05-11,484520745,11964992,44.05,55.59
2018-05-10,545555444,30203495,49.60,44.05
2018-05-09,493559493,6913519,44.87,49.60
2018-05-08,454551947,2614712,41.32,44.87
2018-05-07,469424606,2531328,42.67,41.32
2018-05-06,479602197,2713852,43.60,42.67
2018-05-05,471542690,7332849,42.87,43.60
2018-05-04,485059462,8024397,44.10,42.87
2018-05-03,429669012,6540025,39.06,44.10
2018-05-02,428244442,4130034,38.93,39.06
2018-05-01,442796571,5163625,40.25,38.93
2018-04-30,443603051,3273389,40.33,40.25
2018-04-29,456020004,5541808,41.46,40.33
2018-04-28,444444220,4402736,40.40,41.46
2018-04-27,472199366,4647794,42.93,40.40
2018-04-26,442383895,8386210,40.22,42.93
2018-04-25,502159490,6039333,45.65,40.22
2018-04-24,462505717,5954309,42.05,45.65
2018-04-23,439740777,3498413,39.98,42.05
2018-04-22,422742945,4827545,38.43,39.98
2018-04-21,433748851,8985403,39.43,38.43
2018-04-20,421626795,41598441,38.33,39.43
2018-04-19,355516624,6977401,32.32,38.33
2018-04-18,318706190,3891583,28.97,32.32
2018-04-17,316026664,3493802,28.73,28.97
2018-04-16,333048081,4759730,30.28,28.73
2018-04-15,316801199,2972660,28.80,30.28
2018-04-14,319363363,6777203,29.03,28.80
2018-04-13,305589921,5632487,27.78,29.03
2018-04-12,278820300,3676480,25.35,27.78
2018-04-11,271767100,2488680,24.71,25.35
2018-04-10,266202200,3039870,24.20,24.71
2018-04-09,276288100,1650820,25.12,24.20
2018-04-08,270451500,4674280,24.59,25.12
2018-04-07,264801900,2659140,24.07,24.59
2018-04-06,292880500,13615200,26.63,24.07
2018-04-05,263800900,5083410,23.98,26.63
2018-04-04,299412300,8266670,27.22,23.98
2018-04-03,280812400,2745180,25.53,27.22
2018-04-02,268776200,3043000,24.43,25.53
2018-04-01,286513700,1776270,26.05,24.43
2018-03-31,282946400,3191630,25.72,26.05
2018-03-30,293616400,3738060,26.69,25.72
2018-03-29,364349700,1538720,33.12,26.69
2018-03-28,361640400,1874460,32.88,33.12
2018-03-27,380231500,2000180,34.57,32.88
2018-03-26,376989800,1321030,34.27,34.57
2018-03-25,384178300,1617800,34.93,34.27
2018-03-24,384725000,2000270,34.98,34.93
2018-03-23,386515800,2090510,35.14,34.98
2018-03-22,397378300,1835090,36.13,35.14
2018-03-21,389598000,2626830,35.42,36.13
2018-03-20,364786400,6753990,33.16,35.42
2018-03-19,324190900,3370580,29.47,33.16
2018-03-18,340430200,2178170,30.95,29.47
2018-03-17,370803400,2849440,33.71,30.95
2018-03-16,353108800,3309460,32.10,33.71
2018-03-15,345657400,5620520,31.42,32.10
2018-03-14,420766500,2911450,38.25,31.42
2018-03-13,385304700,1876280,35.03,38.25
2018-03-12,398651000,3444660,36.24,35.03
2018-03-11,369311800,2629280,33.57,36.24
2018-03-10,400736600,3447350,36.43,33.57
2018-03-09,424310700,2762500,38.57,36.43
2018-03-08,432900600,2804100,39.35,38.57
2018-03-07,477340600,1792760,43.39,39.35
2018-03-06,510838900,2383790,46.44,43.39
2018-03-05,506871200,2551400,46.08,46.44
2018-03-04,520223000,3241930,47.29,46.08
2018-03-03,500915800,3093610,45.54,47.29
2018-03-02,519498100,4030200,47.23,45.54
2018-03-01,504147600,4144980,45.83,47.23
2018-02-28,538265200,5513480,48.93,45.83
2018-02-27,512323900,5231770,46.57,48.93
2018-02-26,484646800,1886380,44.06,46.57
2018-02-25,473874500,3184920,43.08,44.06
2018-02-24,488659600,2782650,44.42,43.08
2018-02-23,481466700,3229340,43.77,44.42
2018-02-22,479395400,3198850,43.58,43.77
2018-02-21,566044600,6153730,51.46,43.58
2018-02-20,595805100,4610520,54.16,51.46
2018-02-19,600974000,17496800,54.63,54.16
2018-02-18,607127400,6790840,55.19,54.63
2018-02-17,594924000,5853170,54.08,55.19
2018-02-16,597844500,8067690,54.35,54.08
2018-02-15,575856600,9507140,52.35,54.35
2018-02-14,555141400,4688940,50.47,52.35
2018-02-13,598918100,11253400,54.45,50.47
2018-02-12,545018100,4927130,49.55,54.45
2018-02-11,608071200,5452300,55.28,49.55
2018-02-10,627155100,6701670,57.01,55.28
2018-02-09,569708700,4924450,51.79,57.01
2018-02-08,525551400,6172520,47.78,51.79
2018-02-07,515518300,9920160,46.87,47.78
2018-02-06,483265200,9833900,43.93,46.87
2018-02-05,551195700,6458490,50.11,43.93
2018-02-04,663197700,5751340,60.29,50.11
2018-02-03,652810400,14773900,59.35,60.29
2018-02-02,703695300,10228300,63.97,59.35
2018-02-01,747894400,8336240,67.99,63.97
2018-01-31,753223900,10524600,68.47,67.99
2018-01-30,864508700,12084200,78.59,68.47
2018-01-29,874190900,12026600,79.47,78.59
2018-01-28,930799100,7388120,84.62,79.47
2018-01-27,928991800,11485800,84.45,84.62
2018-01-26,911400600,13546900,82.85,84.45
2018-01-25,967227800,12213600,87.93,82.85
2018-01-24,985494400,20903800,89.59,87.93
2018-01-23,973523100,26383600,88.50,89.59
2018-01-22,907894900,15693100,82.54,88.50
2018-01-21,972024900,46955600,88.37,82.54
2018-01-20,1067375100,53350400,97.03,88.37
2018-01-19,854074100,36152900,77.64,97.03
2018-01-18,709286600,25836300,64.48,77.64
2018-01-17,720685900,26984200,65.52,64.48
2018-01-16,731706800,28220300,66.52,65.52
2018-01-15,1004030500,23271400,91.28,66.52
2018-01-14,1046404700,13527900,95.13,91.28
2018-01-13,1163536000,15529800,105.78,95.13
2018-01-12,1167991000,14839100,106.18,105.78
2018-01-11,1127500000,74662200,102.50,106.18
2018-01-10,1122440000,55850700,102.04,102.50
2018-01-09,1001790900,39605600,91.07,102.04
2018-01-08,1042500800,43691300,94.77,91.07
2018-01-07,883022800,10467000,80.27,94.77
2018-01-06,849541000,13302600,77.23,80.27
2018-01-05,795286800,28839800,72.30,77.23
2018-01-04,811132300,14623100,73.74,72.30
2018-01-03,850933600,14257100,77.36,73.74
2018-01-02,868004500,20523400,78.91,77.36
2018-01-01,828885200,11273100,75.35,78.91
2017-12-31,775724400,5900420,70.52,75.35
2017-12-30,721158900,11056700,65.56,70.52
2017-12-29,850987500,12415400,77.36,65.56
2017-12-28,805526700,11588400,73.23,77.36
2017-12-27,884741000,14513900,80.43,73.23
2017-12-26,942125800,47150600,85.65,80.43
2017-12-25,774965400,10832300,70.45,85.65
2017-12-24,760047200,11537500,69.10,70.45
2017-12-23,820408600,32201800,74.58,69.10
2017-12-22,697283400,30673000,63.39,74.58
2017-12-21,916429800,36829100,83.31,63.39
2017-12-20,982615700,56460100,89.33,83.31
2017-12-19,1150897000,185370000,104.63,89.33
2017-12-18,604681000,14757600,54.97,104.63
2017-12-17,472992300,8865120,43.00,54.97
2017-12-16,457397600,16275200,41.58,43.00
2017-12-15,399978700,6285670,36.36,41.58
2017-12-14,401189800,7597070,36.47,36.36
2017-12-13,383955000,8875610,34.91,36.47
2017-12-12,376137300,8011260,34.19,34.91
2017-12-11,333595900,4167320,30.33,34.19
2017-12-10,310581700,6302990,28.23,30.33
2017-12-09,318948300,4140900,29.00,28.23
2017-12-08,328952800,6537520,29.90,29.00
2017-12-07,301057900,6686520,27.37,29.90
2017-12-06,355903900,7248560,32.35,27.37
2017-12-05,393325900,6529260,35.76,32.35
2017-12-04,400941200,10890600,36.45,35.76
2017-12-03,388426500,27796000,35.31,36.45
2017-12-02,315924400,8866460,28.72,35.31
2017-12-01,290482500,2917630,26.41,28.72
2017-11-30,287247400,2343900,26.11,26.41
2017-11-29,268026000,5491530,24.37,26.11
2017-11-28,313272300,3009410,28.48,24.37
2017-11-27,319388300,3438260,29.04,28.48
2017-11-26,301802600,2294360,27.44,29.04
2017-11-25,312213000,3595750,28.38,27.44
2017-11-24,315373300,5689390,28.67,28.38
2017-11-23,287130800,20446700,26.10,28.67
2017-11-22,275543400,7935350,25.05,26.10
2017-11-21,232219900,1405600,21.11,25.05
2017-11-20,232048300,1155850,21.10,21.11
2017-11-19,222421100,1163970,20.22,21.10
2017-11-18,217525000,807573,19.78,20.22
2017-11-17,212488100,1257280,19.32,19.78
2017-11-16,216645000,1431570,19.70,19.32
2017-11-15,212487000,1254900,19.32,19.70
2017-11-14,207957200,1008820,18.91,19.32
2017-11-13,200633400,872141,18.24,18.91
2017-11-12,187323400,1873310,17.03,18.24
2017-11-11,196731700,1317570,17.88,17.03
2017-11-10,194463500,1765040,17.68,17.88
2017-11-09,208611700,1836810,18.96,17.68
2017-11-08,201171300,2138730,18.29,18.96
2017-11-07,186854800,1461800,16.99,18.29
2017-11-06,186437900,898420,16.95,16.99
2017-11-05,182312900,2089540,16.57,16.95
2017-11-04,192291000,880747,17.48,16.57
2017-11-03,193196300,1349100,17.56,17.48
2017-11-02,180364800,1515050,16.40,17.56
2017-11-01,188615900,3969250,17.15,16.40
2017-10-31,192544000,945115,17.50,17.15
2017-10-30,186980200,735760,17.00,17.50
2017-10-29,195639400,644234,17.79,17.00
2017-10-28,190065700,383456,17.28,17.79
2017-10-27,191747600,482328,17.43,17.28
2017-10-26,194695600,548087,17.70,17.43
2017-10-25,198641300,729247,18.06,17.70
2017-10-24,193532900,1339470,17.59,18.06
2017-10-23,180272400,861960,16.39,17.59
2017-10-22,184877000,525891,16.81,16.39
2017-10-21,184935300,670575,16.81,16.81
2017-10-20,192647400,952666,17.51,16.81
2017-10-19,199508100,580911,18.14,17.51
2017-10-18,202043600,780147,18.37,18.14
2017-10-17,206160900,580117,18.74,18.37
2017-10-16,210190200,931872,19.11,18.74
2017-10-15,204307400,495314,18.57,19.11
2017-10-14,207915400,648715,18.90,18.57
2017-10-13,202474800,1183350,18.41,18.90
2017-10-12,202068900,1697940,18.37,18.41
2017-10-11,204564800,491865,18.60,18.37
2017-10-10,206610800,730401,18.78,18.60
2017-10-09,196009000,912282,17.82,18.78
2017-10-08,210210000,720897,19.11,17.82
2017-10-07,222412300,1210140,20.22,19.11
2017-10-06,211459600,603559,19.22,20.22
2017-10-05,209110000,655162,19.01,19.22
2017-10-04,209080300,571418,19.01,19.01
2017-10-03,214212900,786041,19.47,19.01
2017-10-02,212248300,790168,19.30,19.47
2017-10-01,227016900,501003,20.64,19.30
2017-09-30,233889700,709214,21.26,20.64
2017-09-29,227290800,1172820,20.66,21.26
2017-09-28,242944900,2030950,22.09,20.66
2017-09-27,231327800,1634170,21.03,22.09
2017-09-26,205995900,399643,18.73,21.03
2017-09-25,207658000,620952,18.88,18.73
2017-09-24,196632700,546256,17.88,18.88
2017-09-23,197228900,394418,17.93,17.88
2017-09-22,187140800,343754,17.01,17.93
2017-09-21,188848000,1117300,17.17,17.01
2017-09-20,203572600,623000,18.51,17.17
2017-09-19,199678600,603001,18.15,18.51
2017-09-18,208816300,1025740,18.98,18.15
2017-09-17,193388800,2141070,17.58,18.98
2017-09-16,194018000,666032,17.64,17.58
2017-09-15,200750000,1851790,18.25,17.64
2017-09-14,176220000,1806950,16.02,18.25
2017-09-13,225720000,3651830,20.52,16.02
2017-09-12,232430000,956880,21.13,20.52
2017-09-11,229790000,807843,20.89,21.13
2017-09-10,237050000,1327740,21.55,20.89
2017-09-09,244530000,898787,22.23,21.55
2017-09-08,243870000,2052750,22.17,22.23
2017-09-07,263120000,1414630,23.92,22.17
2017-09-06,259490000,1941330,23.59,23.92
2017-09-05,255420000,1947540,23.22,23.59
2017-09-04,240790000,3425660,21.89,23.22
2017-09-03,273680000,2054040,24.88,21.89
2017-09-02,264000000,3280390,24.00,24.88
2017-09-01,313170000,3487410,28.47,24.00
2017-08-31,288750000,3154480,26.25,28.47
2017-08-30,279070000,3077290,25.37,26.25
2017-08-29,277200000,4512330,25.20,25.37
2017-08-28,288530000,12468200,26.23,25.20
2017-08-27,306680000,4934300,27.88,26.23
2017-08-26,325930000,11534700,29.63,27.88
2017-08-25,279070000,6226960,25.37,29.63
2017-08-24,252450000,1879920,22.95,25.37
2017-08-23,242220000,2424380,22.02,22.95
2017-08-22,234630000,2789060,21.33,22.02
2017-08-21,241450000,3480370,21.95,21.33
2017-08-20,227700000,1412140,20.70,21.95
2017-08-19,216150000,1309400,19.65,20.70
2017-08-18,209330000,2295330,19.03,19.65
2017-08-17,235510000,1639770,21.41,19.03
2017-08-16,235070000,1639980,21.37,21.41
2017-08-15,232650000,3054210,21.15,21.37
2017-08-14,217580000,1452210,19.78,21.15
2017-08-13,227040000,2300060,20.64,19.78
2017-08-12,250250000,3176190,22.75,20.64
2017-08-11,247060000,2208660,22.46,22.75
2017-08-10,249260000,5378680,22.66,22.46
2017-08-09,248490000,4235800,22.59,22.66
2017-08-08,231880000,3615400,21.08,22.59
2017-08-07,207790000,1918350,18.89,21.08
2017-08-06,208450000,1349610,18.95,18.89
2017-08-05,209550000,2330920,19.05,18.95
2017-08-04,191840000,1000250,17.44,19.05
2017-08-03,190080000,2733620,17.28,17.44
2017-08-02,193160000,1422960,17.56,17.28
2017-08-01,198880000,1373420,18.08,17.56
2017-07-31,183810000,1465400,16.71,18.08
2017-07-30,191290000,589618,17.39,16.71
2017-07-29,192390000,1138720,17.49,17.39
2017-07-28,189200000,2456710,17.20,17.49
2017-07-27,199980000,1514220,18.18,17.20
2017-07-26,199320000,2096820,18.12,18.18
2017-07-25,197450000,2191280,17.95,18.12
2017-07-24,237490000,1029590,21.59,17.95
2017-07-23,229460000,1789050,20.86,21.59
2017-07-22,236060000,2460260,21.46,20.86
2017-07-21,221320000,2139780,20.12,21.46
2017-07-20,213510000,2646350,19.41,20.12
2017-07-19,185790000,3200390,16.89,19.41
2017-07-18,216150000,3119110,19.65,16.89
2017-07-17,199540000,2324980,18.14,19.65
2017-07-16,174680000,3429850,15.88,18.14
2017-07-15,203720000,2613020,18.52,15.88
2017-07-14,213510000,3415380,19.41,18.52
2017-07-13,225720000,5444250,20.52,19.41
2017-07-12,233420000,4027090,21.22,20.52
2017-07-11,183150000,5605660,16.65,21.22
2017-07-10,179080000,6960840,16.28,16.65
2017-07-09,245520000,3011950,22.32,16.28
2017-07-08,255750000,6703790,23.25,22.32
2017-07-07,244200000,5850800,22.20,23.25
2017-07-06,302610000,1416990,27.51,22.20
2017-07-05,295900000,1546740,26.90,27.51
2017-07-04,303930000,3101540,27.63,26.90
2017-07-03,315040000,3099640,28.64,27.63
2017-07-02,289960000,2177130,26.36,28.64
2017-07-01,274670000,2701570,24.97,26.36
2017-06-30,308770000,5801730,28.07,24.97
2017-06-29,296890000,2506780,26.99,28.07
2017-06-28,310640000,3215700,28.24,26.99
2017-06-27,281270000,3517530,25.57,28.24
2017-06-26,270050000,4914940,24.55,25.57
2017-06-25,304700000,3630510,27.70,24.55
2017-06-24,319550000,2467090,29.05,27.70
2017-06-23,343200000,5325990,31.20,29.05
2017-06-22,331980000,3694290,30.18,31.20
2017-06-21,318010000,3732440,28.91,30.18
2017-06-20,330220000,4918690,30.02,28.91
2017-06-19,359040000,4332160,32.64,30.02
2017-06-18,328570000,2717630,29.87,32.64
2017-06-17,342100000,3329750,31.10,29.87
2017-06-16,314050000,4109430,28.55,31.10
2017-06-15,307230000,6508950,27.93,28.55
2017-06-14,334180000,5312640,30.38,27.93
2017-06-13,364760000,4680670,33.16,30.38
2017-06-12,348040000,6311300,31.64,33.16
2017-06-11,368940000,4842570,33.54,31.64
2017-06-10,371690000,6796520,33.79,33.54
2017-06-09,376310000,4301550,34.21,33.79
2017-06-08,389730000,4373540,35.43,34.21
2017-06-07,373560000,12087500,33.96,35.43
2017-06-06,371800000,6304220,33.80,33.96
2017-06-05,314050000,8240650,28.55,33.80
2017-06-04,313280000,4545680,28.48,28.55
2017-06-03,286330000,4603980,26.03,28.48
2017-06-02,271040000,4666780,24.64,26.03
2017-06-01,260260000,4475740,23.66,24.64
2017-05-31,241560000,3625120,21.96,23.66
2017-05-30,223630000,4197860,20.33,21.96
2017-05-29,231220000,4675700,21.02,20.33
2017-05-28,222750000,6749400,20.25,21.02
2017-05-27,222750000,5195660,20.25,20.25
2017-05-26,243320000,4123650,22.12,20.25
2017-05-25,267850000,9316890,24.35,22.12
2017-05-24,339460000,12314300,30.86,24.35
2017-05-23,284240000,22364900,25.84,30.86
2017-05-22,214280000,6121680,19.48,25.84
2017-05-21,189090000,3259810,17.19,19.48
2017-05-20,192390000,2674560,17.49,17.19
2017-05-19,181060000,2667880,16.46,17.49
2017-05-18,175560000,1751120,15.96,16.46
2017-05-17,168960000,2503650,15.36,15.96
2017-05-16,166650000,1899170,15.15,15.36
2017-05-15,175450000,1235310,15.95,15.15
2017-05-14,186340000,879790,16.94,15.95
2017-05-13,179520000,1301550,16.32,16.94
2017-05-12,184580000,1719150,16.78,16.32
2017-05-11,195250000,3116400,17.75,16.78
2017-05-10,186120000,2401770,16.92,17.75
2017-05-09,183700000,3835460,16.70,16.92
2017-05-08,190630000,4023150,17.33,16.70
2017-05-07,190850000,3615280,17.35,17.33
2017-05-06,194370000,2034760,17.67,17.35
2017-05-05,188210000,4114780,17.11,17.67
2017-05-04,190740000,4155060,17.34,17.11
2017-05-03,182050000,3944480,16.55,17.34
2017-05-02,180620000,3538230,16.42,16.55
2017-05-01,178860000,7322370,16.26,16.42
2017-04-30,185680000,4531350,16.88,16.26
2017-04-29,182270000,3690970,16.57,16.88
2017-04-28,161920000,3432180,14.72,16.57
2017-04-27,152350000,2384210,13.85,14.72
2017-04-26,140580000,2265160,12.78,13.85
2017-04-25,145090000,3730270,13.19,12.78
2017-04-24,148940000,6950490,13.54,13.19
2017-04-23,127930000,1402160,11.63,13.54
2017-04-22,132440000,1281820,12.04,11.63
2017-04-21,121550000,861237,11.05,12.04
2017-04-20,124740000,1102810,11.34,11.05
2017-04-19,135080000,859962,12.28,11.34
2017-04-18,136950000,641717,12.45,12.28
2017-04-17,132110000,1667630,12.01,12.45
2017-04-16,128370000,1627370,11.67,12.01
2017-04-15,124080000,939071,11.28,11.67
2017-04-14,118470000,1094490,10.77,11.28
2017-04-13,116710000,644883,10.61,10.77
2017-04-12,116270000,602769,10.57,10.61
2017-04-11,110770000,491846,10.07,10.57
2017-04-10,111320000,504972,10.12,10.07
2017-04-09,113630000,379246,10.33,10.12
2017-04-08,110000000,511558,10.00,10.33
2017-04-07,105490000,558301,9.59,10.00
2017-04-06,114620000,1476620,10.42,9.59
2017-04-05,116270000,933272,10.57,10.42
2017-04-04,121220000,1423350,11.02,10.57
2017-04-03,120010000,1934070,10.91,11.02
2017-04-02,126280000,2532930,11.48,10.91
2017-04-01,137830000,2136990,12.53,11.48
2017-03-31,135960000,5258570,12.36,12.53
2017-03-30,110000000,1331680,10.00,12.36
2017-03-29,102520000,734504,9.32,10.00
2017-03-28,100540000,519013,9.14,9.32
2017-03-27,97570000,566365,8.87,9.14
2017-03-26,95590000,1127340,8.69,8.87
2017-03-25,97570000,1720040,8.87,8.69
2017-03-24,102300000,1674920,9.30,8.87
2017-03-23,102630000,1193310,9.33,9.30
2017-03-22,102300000,1161260,9.30,9.33
2017-03-21,91410000,873585,8.31,9.30
2017-03-20,90860000,1112240,8.26,8.31
2017-03-19,95370000,1566510,8.67,8.26
2017-03-18,74470000,1445540,6.77,8.67
2017-03-17,89650000,3331610,8.15,6.77
2017-03-16,110000000,4658180,10.00,8.15
2017-03-15,108900000,1654740,9.90,10.00
2017-03-14,89870000,1265340,8.17,9.90
2017-03-13,86570000,2308630,7.87,8.17
2017-03-12,79090000,942611,7.19,7.87
2017-03-11,66550000,568896,6.05,7.19
2017-03-10,64020000,596205,5.82,6.05
2017-03-09,59400000,210944,5.40,5.82
2017-03-08,58520000,137301,5.32,5.40
2017-03-07,63580000,231443,5.78,5.32
2017-03-06,65780000,249098,5.98,5.78
2017-03-05,67100000,391172,6.10,5.98
2017-03-04,62150000,178644,5.65,6.10
2017-03-03,66220000,738930,6.02,5.65
2017-03-02,63580000,1451910,5.78,6.02
2017-03-01,55660000,490181,5.06,5.78
2017-02-28,50160000,279183,4.56,5.06
2017-02-27,52800000,113329,4.80,4.56
2017-02-26,54010000,115993,4.91,4.80
2017-02-25,52580000,119914,4.78,4.91
2017-02-24,52140000,393206,4.74,4.78
2017-02-23,56100000,148809,5.10,4.74
2017-02-22,56100000,148809,5.10,5.10
2017-02-21,56100000,148809,5.10,5.10
2017-02-20,56100000,148809,5.10,5.10
2017-02-19,57090000,125306,5.19,5.10
2017-02-18,55660000,80614,5.06,5.19
2017-02-17,54450000,145528,4.95,5.06
2017-02-16,54560000,220340,4.96,4.95
2017-02-15,53130000,268577,4.83,4.96
2017-02-14,52470000,509840,4.77,4.83
2017-02-13,47630000,220419,4.33,4.77
2017-02-12,48840000,57830,4.44,4.33
2017-02-11,47410000,91382,4.31,4.44
2017-02-10,46310000,171748,4.21,4.31
2017-02-09,47190000,296928,4.29,4.21
2017-02-08,50270000,331510,4.57,4.29
2017-02-07,47410000,151449,4.31,4.57
2017-02-06,46640000,215467,4.24,4.31
2017-02-05,46420000,48177,4.22,4.24
2017-02-04,46420000,176489,4.22,4.22
2017-02-03,45210000,276505,4.11,4.22
2017-02-02,45320000,135817,4.12,4.11
2017-02-01,46420000,165282,4.22,4.12
2017-01-31,47080000,97025,4.28,4.22
2017-01-30,46420000,78319,4.22,4.28
2017-01-29,47300000,103930,4.30,4.22
2017-01-28,46860000,254291,4.26,4.30
2017-01-27,47960000,253437,4.36,4.26
2017-01-26,46200000,252705,4.20,4.36
2017-01-25,47410000,119091,4.31,4.20
2017-01-24,48180000,239872,4.38,4.31
2017-01-23,50600000,128186,4.60,4.38
2017-01-22,51040000,147756,4.64,4.60
2017-01-21,50380000,109767,4.58,4.64
2017-01-20,48510000,112995,4.41,4.58
2017-01-19,49390000,93275,4.49,4.41
2017-01-18,48400000,172408,4.40,4.49
2017-01-17,47960000,158727,4.36,4.40
2017-01-16,44330000,79338,4.03,4.36
2017-01-15,45320000,91141,4.12,4.03
2017-01-14,47300000,220894,4.30,4.12
2017-01-13,47300000,121692,4.30,4.30
2017-01-12,45210000,98239,4.11,4.30
2017-01-11,41360000,205281,3.76,4.11
2017-01-10,46090000,161767,4.19,3.76
2017-01-09,45540000,289535,4.14,4.19
2017-01-08,49940000,185311,4.54,4.14
2017-01-07,51150000,351617,4.65,4.54
2017-01-06,54890000,556902,4.99,4.65
2017-01-05,53900000,804974,4.90,4.99
2017-01-04,55220000,409976,5.02,4.90
2017-01-03,47410000,434273,4.31,5.02
2017-01-02,46090000,272664,4.19,4.31
2017-01-01,43340000,229152,3.94,4.19
2016-12-31,41580000,209082,3.78,3.94
2016-12-30,41030000,243085,3.73,3.78
2016-12-29,38390000,258347,3.49,3.73
2016-12-28,35750000,409959,3.25,3.49
2016-12-27,37950000,247803,3.45,3.25
2016-12-26,36300000,224619,3.30,3.45
2016-12-25,30250000,210307,2.75,3.30
2016-12-24,30470000,112668,2.77,2.75
2016-12-23,27830000,351861,2.53,2.77
2016-12-22,30140000,241928,2.74,2.53
2016-12-21,31570000,212240,2.87,2.74
2016-12-20,31900000,97143,2.90,2.87
2016-12-19,32450000,72692,2.95,2.90
2016-12-18,33990000,177817,3.09,2.95
2016-12-17,30800000,126398,2.80,3.09
2016-12-16,32230000,136828,2.93,2.80
2016-12-15,32780000,52426,2.98,2.93
2016-12-14,34210000,37121,3.11,2.98
2016-12-13,34100000,65076,3.10,3.11
2016-12-12,34540000,66119,3.14,3.10
2016-12-11,35090000,66641,3.19,3.14
2016-12-10,33880000,403060,3.08,3.19
2016-12-09,37400000,209941,3.40,3.08
2016-12-08,35200000,143472,3.20,3.40
2016-12-07,35750000,366268,3.25,3.20
2016-12-06,33330000,1521890,3.03,3.25
2016-12-05,31240000,133056,2.84,3.03
2016-12-04,36850000,35004,3.35,2.84
2016-12-03,38170000,78842,3.47,3.35
2016-12-02,36630000,219489,3.33,3.47
2016-12-01,39380000,148766,3.58,3.33
2016-11-30,40480000,116828,3.68,3.58
2016-11-29,40260000,179661,3.66,3.68
2016-11-28,40700000,462426,3.70,3.66
2016-11-27,46970000,57599,4.27,3.70
2016-11-26,45760000,136309,4.16,4.27
2016-11-25,46420000,84757,4.22,4.16
2016-11-24,45870000,165271,4.17,4.22
2016-11-23,48290000,94794,4.39,4.17
2016-11-22,49500000,210583,4.50,4.39
2016-11-21,48730000,109477,4.43,4.50
2016-11-20,49280000,291812,4.48,4.43
2016-11-19,50270000,3196660,4.57,4.48
2016-11-18,45320000,521192,4.12,4.57
2016-11-17,49280000,290202,4.48,4.12
2016-11-16,50050000,222657,4.55,4.48
2016-11-15,50380000,241671,4.58,4.55
2016-11-14,49060000,120128,4.46,4.58
2016-11-13,51480000,128935,4.68,4.46
2016-11-12,53350000,263368,4.85,4.68
2016-11-11,53240000,270093,4.84,4.85
2016-11-10,53900000,449186,4.90,4.84
2016-11-09,48950000,934176,4.45,4.90
2016-11-08,52690000,170884,4.79,4.45
2016-11-07,53570000,563056,4.87,4.79
2016-11-06,54670000,497216,4.97,4.87
2016-11-05,59730000,715498,5.43,4.97
2016-11-04,48400000,565511,4.40,5.43
2016-11-03,48950000,459440,4.45,4.40
2016-11-02,48840000,373030,4.44,4.45
2016-11-01,44110000,955705,4.01,4.44
2016-10-31,50270000,401234,4.57,4.01
2016-10-30,49060000,483982,4.46,4.57
2016-10-29,45980000,757162,4.18,4.46
2016-10-28,54780000,415594,4.98,4.18
2016-10-27,55220000,522989,5.02,4.98
2016-10-26,52360000,428920,4.76,5.02
2016-10-25,50930000,376120,4.63,4.76
2016-10-24,56870000,229089,5.17,4.63
2016-10-23,57860000,140988,5.26,5.17
2016-10-22,58630000,351185,5.33,5.26
2016-10-21,59840000,351765,5.44,5.33
2016-10-20,56320000,236757,5.12,5.44
2016-10-19,58300000,373224,5.30,5.12
2016-10-18,59620000,1211220,5.42,5.30
2016-10-17,55440000,1096560,5.04,5.42
2016-10-16,63030000,222034,5.73,5.04
2016-10-15,63360000,635594,5.76,5.73
2016-10-14,65450000,1061440,5.95,5.76
2016-10-13,67320000,1481590,6.12,5.95
2016-10-12,64130000,1262340,5.83,6.12
2016-10-11,63140000,2542540,5.74,5.83
2016-10-10,75350000,2717360,6.85,5.74
2016-10-09,77990000,2654830,7.09,6.85
2016-10-08,75130000,2549230,6.83,7.09
2016-10-07,73480000,3691720,6.68,6.83
2016-10-06,79530000,9494190,7.23,6.68
2016-10-05,98230000,12270400,8.93,7.23
2016-05-13,0.000000000000,3306.81,6.58,8.93
2016-05-12,0.000000000000,4455.23,6.68,6.58
2016-05-11,0.000000000000,6190.10,5.92,6.68
2016-05-10,0.000000000000,7256.53,7.16,5.92
2016-05-09,0.000000000000,3199.13,6.39,7.16
2016-05-08,0.000000000000,6484.23,5.97,6.39
2016-05-07,0.000000000000,8446.54,6.63,5.97
2016-05-06,0.000000000000,6437.44,6.90,6.63
2016-05-05,0.000000000000,4379.78,6.96,6.90
2016-05-04,0.000000000000,8942.99,6.49,6.96
2016-05-03,0.000000000000,5379.60,5.81,6.49
2016-05-02,0.000000000000,6880.63,7.03,5.81
2016-05-01,0.000000000000,8065.95,6.46,7.03
2016-04-30,0.000000000000,3811.87,5.24,6.46
2016-04-29,0.000000000000,5589.17,5.08,5.24
2016-04-28,0.000000000000,5162.19,6.95,5.08
2016-04-27,0.000000000000,4801.55,5.03,6.95
2016-04-26,0.000000000000,4779.86,6.95,5.03
2016-04-25,0.000000000000,5601.17,4.60,6.95
2016-04-24,0.000000000000,7518.46,7.50,4.60
2016-04-23,0.000000000000,6788.33,7.54,7.50
2016-04-22,0.000000000000,5426.28,7.24,7.54
2016-04-21,0.000000000000,4275.40,8.31,7.24
2016-04-20,0.000000000000,5601.91,7.96,8.31
2016-04-19,0.000000000000,20167,8.18,7.96
2016-04-18,0.000000000000,8139.63,8.14,8.18
2016-04-17,0.000000000000,10398.46,6.85,8.14
2016-04-16,0.000000000000,11417.02,7.19,6.85
2016-04-15,0.000000000000,1643.84,7.91,7.19
2016-04-14,0.000000000000,4029.83,6.93,7.91
2016-04-13,0.000000000000,2962.43,7.15,6.93
2016-04-12,0.000000000000,13958.78,6.85,7.15
2016-04-11,0.000000000000,19207.81,7.87,6.85
2016-04-10,0.000000000000,9337.29,7.66,7.87
2016-04-09,0.000000000000,7308.43,9.07,7.66
2016-04-08,0.000000000000,19495.44,8.37,9.07
2016-04-07,0.000000000000,78607,9.05,8.37
2016-04-06,0.000000000000,61696,9.33,9.05
2016-04-05,0.000000000000,31109,9.45,9.33
2016-04-04,0.000000000000,35805,9.23,9.45
2016-04-03,0.000000000000,25874,9.28,9.23
2016-04-02,0.000000000000,14826.78,9.42,9.28
2016-04-01,0.000000000000,16492.90,9.48,9.42
2016-03-31,0.000000000000,11612.78,9.92,9.48
2016-03-30,0.000000000000,2897.58,10.68,9.92
2016-03-29,0.000000000000,15589.14,9.37,10.68
2016-03-28,0.000000000000,56342,11.36,9.37
2016-03-27,0.000000000000,28673,11.43,11.36
2016-03-26,0.000000000000,60311,10.62,11.43
2016-03-25,0.000000000000,36584,11.47,10.62
2016-03-24,0.000000000000,17399.90,11.52,11.47
2016-03-23,0.000000000000,14210.86,12.12,11.52
2016-03-22,0.000000000000,52941,13.16,12.12
2016-03-21,0.000000000000,47082,11.54,13.16
2016-03-20,0.000000000000,3087.49,12.73,11.54
2016-03-19,0.000000000000,1705.29,14.24,12.73
2016-03-18,0.000000000000,8286.46,12.49,14.24
2016-03-17,0.000000000000,31019,12.59,12.49
2016-03-16,0.000000000000,125300,14.71,12.59
2016-03-15,0.000000000000,48757,12.88,14.71
2016-03-14,0.000000000000,20322,10.26,12.88
2016-03-13,0.000000000000,5414.91,10.13,10.26
2016-03-12,0.000000000000,64583,10.27,10.13
2016-03-11,0.000000000000,29274,9.25,10.27
2016-03-10,0.000000000000,38032,8.41,9.25
2016-03-09,0.000000000000,22237,8.12,8.41
2016-03-08,0.000000000000,25136,8.24,8.12
2016-03-07,0.000000000000,19459.40,8.48,8.24
2016-03-06,0.000000000000,15080.25,7.90,8.48
2016-03-05,0.000000000000,28121,7.94,7.90
2016-03-04,0.000000000000,20128,7.92,7.94
2016-03-03,0.000000000000,56919,7.98,7.92
2016-03-02,0.000000000000,31199,7.22,7.98
2016-03-01,0.000000000000,11017.50,5.09,7.22
2016-02-29,0.000000000000,4951.80,4.89,5.09
2016-02-28,0.000000000000,0.000000000000,4.40,4.89
2016-02-27,0.000000000000,3920.41,4.39,4.40
2016-02-26,0.000000000000,4199.13,4.83,4.39
2016-02-25,0.000000000000,14072.78,4.62,4.83
2016-02-24,0.000000000000,11297.67,4.74,4.62
2016-02-23,0.000000000000,3155.78,4.24,4.74
2016-02-22,0.000000000000,3574.60,4.38,4.24
2016-02-21,0.000000000000,5236.69,4.25,4.38
2016-02-20,0.000000000000,4499.85,4.37,4.25
2016-02-19,0.000000000000,4499.55,4.11,4.37
2016-02-18,0.000000000000,2894.69,4.09,4.11
2016-02-17,0.000000000000,6225.49,4.17,4.09
2016-02-16,0.000000000000,4068.82,3.88,4.17
2016-02-15,0.000000000000,16167.28,3.75,3.88
2016-02-14,0.000000000000,1859.22,3.44,3.75
2016-02-13,0.000000000000,4821.91,3.75,3.44
2016-02-12,0.000000000000,10529.42,3.52,3.75
2016-02-11,0.000000000000,2103.31,3.17,3.52
2016-02-10,0.000000000000,138167,341.85,3.17
2016-02-09,0.000000000000,776.73,2.80,341.85
2016-02-08,0.000000000000,2098.52,2.76,2.80
2016-02-07,0.000000000000,359.69,2.79,2.76
2016-02-06,0.000000000000,990.94,2.79,2.79
2016-02-05,0.000000000000,1046.19,2.87,2.79
2016-02-04,0.000000000000,916.95,2.49,2.87
2016-02-03,0.000000000000,2314.64,2.47,2.49
2016-02-02,0.000000000000,968.29,2.24,2.47
2016-02-01,0.000000000000,2023.80,2.36,2.24
2016-01-31,0.000000000000,472.97,2.11,2.36
2016-01-30,0.000000000000,1799.69,2.37,2.11
2016-01-29,0.000000000000,2108.95,2.58,2.37
2016-01-28,0.000000000000,1181.99,2.66,2.58
2016-01-27,0.000000000000,4217.59,2.84,2.66
2016-01-26,0.000000000000,1892.94,2.35,2.84
2016-01-25,0.000000000000,220.09,2.16,2.35
2016-01-24,0.000000000000,92.81,2.26,2.16
2016-01-23,0.000000000000,0.000000000000,0.000000000000,2.26
2016-01-22,0.000000000000,0.000000000000,0.000000000000,0.000000000000
2016-01-21,0.000000000000,300.25,2.41,0.000000000000
2016-01-20,0.000000000000,1381.45,2.48,2.41
2016-01-19,0.000000000000,806.52,2.16,2.48
2016-01-18,0.000000000000,457.73,2.05,2.16
2016-01-17,0.000000000000,692.00,2.03,2.05
2016-01-16,0.000000000000,692.00,2.03,2.03
2016-01-15,0.000000000000,0.000000010000,2.29,2.03
2016-01-14,0.000000000000,0.000000010000,2.29,2.29
2016-01-13,0.000000000000,310.00,2.29,2.29
2016-01-12,0.000000000000,436.00,2.36,2.29
2016-01-11,0.000000000000,89.00,2.31,2.36
2016-01-10,0.000000000000,243.00,2.28,2.31
2016-01-09,0.000000000000,881.00,2.17,2.28
2016-01-08,0.000000000000,288.00,2.40,2.17
2016-01-07,0.000000000000,413.00,2.04,2.40
2016-01-06,0.000000000000,413.00,2.04,2.04
2016-01-05,0.000000000000,731.00,2.01,2.04
2016-01-04,0.000000000000,450.00,2.38,2.01
2016-01-03,0.000000000000,365.00,2.06,2.38
2016-01-02,0.000000000000,149.00,2.21,2.06
2016-01-01,0.000000000000,1363.00,2.17,2.21
2015-12-31,0.000000000000,117.00,2.18,2.17
2015-12-30,0.000000000000,149.00,2.11,2.18
2015-12-29,0.000000000000,297.00,1.96,2.11
2015-12-28,0.000000000000,281.00,2.34,1.96
2015-12-27,0.000000000000,0.000000010000,2.34,2.34
2015-12-26,0.000000000000,148.00,2.36,2.34
2015-12-25,0.000000000000,686.00,2.52,2.36
2015-12-24,0.000000000000,506.00,2.23,2.52
2015-12-23,0.000000000000,935.00,2.18,2.23
2015-12-22,0.000000000000,289.00,2.08,2.18
2015-12-21,0.000000000000,360.00,2.05,2.08
2015-12-20,0.000000000000,513.00,2.05,2.05
2015-12-19,0.000000000000,1878.00,2.39,2.05
2015-12-18,0.000000000000,0.000000010000,2.20,2.39
2015-12-17,0.000000000000,113.00,2.19,2.20
2015-12-16,0.000000000000,236.00,2.30,2.19
2015-12-15,0.000000000000,258.00,2.28,2.30
2015-12-14,0.000000000000,0.000000010000,2.23,2.28
2015-12-13,0.000000000000,0.000000010000,2.18,2.23
2015-12-12,0.000000000000,502.00,2.07,2.18
2015-12-11,0.000000000000,207.00,2.17,2.07
2015-12-10,0.000000000000,591.00,1.90,2.17
2015-12-09,0.000000000000,143.00,1.95,1.90
2015-12-08,0.000000000000,152.00,1.84,1.95
2015-12-07,0.000000000000,36.00,1.66,1.84
2015-12-06,0.000000000000,557.00,1.86,1.66
2015-12-05,0.000000000000,612.00,1.84,1.86
2015-12-04,0.000000000000,229.00,1.62,1.84
2015-12-03,0.000000000000,187.00,1.56,1.62
2015-12-02,0.000000000000,87.00,1.55,1.56
2015-12-01,0.000000000000,443.00,1.56,1.55
2015-11-30,0.000000000000,511.00,1.51,1.56
2015-11-29,0.000000000000,545.00,1.78,1.51
2015-11-28,0.000000000000,378.00,1.73,1.78
2015-11-27,0.000000000000,126.00,1.75,1.73
2015-11-26,0.000000000000,170.00,1.66,1.75
2015-11-25,0.000000000000,83.00,1.58,1.66
2015-11-24,0.000000000000,20.00,1.52,1.58
2015-11-23,0.000000000000,298.00,1.53,1.52
2015-11-22,0.000000000000,185.00,1.59,1.53
2015-11-21,0.000000000000,83.00,1.59,1.59
2015-11-20,0.000000000000,207.00,1.57,1.59
2015-11-19,0.000000000000,67.00,1.60,1.57
2015-11-18,0.000000000000,336.00,1.65,1.60
2015-11-17,0.000000000000,772.00,1.64,1.65
2015-11-16,0.000000000000,287.00,1.57,1.64
2015-11-15,0.000000000000,60.00,1.56,1.57
2015-11-14,0.000000000000,516.00,1.59,1.56
2015-11-13,0.000000000000,824.00,1.62,1.59
2015-11-12,0.000000000000,6218.00,1.60,1.62
2015-11-11,0.000000000000,4944.00,1.57,1.60
2015-11-10,0.000000000000,1896.00,1.72,1.57
2015-11-09,0.000000000000,4213.00,1.96,1.72
2015-11-08,0.000000000000,1094.00,1.92,1.96
2015-11-07,0.000000000000,751.00,1.98,1.92
2015-11-06,0.000000000000,0.000000010000,1.83,1.98
2015-11-05,0.000000000000,911.00,1.99,1.83
2015-11-04,0.000000000000,8770.00,1.98,1.99
2015-10-31,0.000000000000,3842.00,1.64,1.98
2015-10-30,0.000000000000,5212.00,1.68,1.64
2015-10-29,0.000000000000,3616.00,1.59,1.68
2015-10-28,0.000000000000,4212.00,1.50,1.59
2015-10-27,0.000000000000,894.00,1.47,1.50
