date,mktcap,vol,open_price,close_price
2021-10-04,641064,6784.94,0.00031172,0.00031274
2021-10-03,585477,6802.63,0.00028469,0.00031172
2021-10-02,622904,6942.90,0.00030287,0.00028469
2021-10-01,556149,6478.60,0.00027066,0.00030287
2021-09-30,581766,6521.25,0.00028299,0.00027066
2021-09-29,580643,6531.75,0.00028203,0.00028299
2021-09-28,589840,6808.94,0.00028591,0.00028203
2021-09-27,603249,6658.21,0.00029320,0.00028591
2021-09-26,585799,6763.25,0.00028493,0.00029320
2021-09-25,591486,6568.03,0.00028737,0.00028493
2021-09-24,609973,6940.70,0.00029671,0.00028737
2021-09-23,599497,6772.70,0.00029153,0.00029671
2021-09-22,620577,7984.57,0.00030098,0.00029153
2021-09-21,498358,6565.63,0.00028823,0.00030098
2021-09-20,703794,6996.65,0.00030447,0.00028823
2021-09-19,498543,5287.63,0.00024246,0.00030447
2021-09-18,634481,6968.83,0.00030844,0.00024246
2021-09-17,658070,6745.59,0.00032007,0.00030844
2021-09-16,661351,6682.38,0.00032137,0.00032007
2021-09-15,637751,6723.76,0.00031021,0.00032137
2021-09-14,626470,6697.96,0.00030442,0.00031021
2021-09-13,638481,6893.05,0.00031008,0.00030442
2021-09-12,701826,8277.97,0.00034161,0.00031008
2021-09-11,618949,6594.35,0.00030072,0.00034161
2021-09-10,758044,9450.12,0.00036857,0.00030072
2021-09-09,498420,5043.24,0.00024253,0.00036857
2021-09-08,649967,6901.59,0.00031599,0.00024253
2021-09-07,706173,7082.70,0.00034342,0.00031599
2021-09-06,703196,7090.25,0.00034191,0.00034342
2021-09-05,684809,7210.33,0.00033275,0.00034191
2021-09-04,686930,7276.79,0.00033485,0.00033275
2021-09-03,679973,6940.33,0.00033059,0.00033485
2021-09-02,678007,6954.79,0.00033004,0.00033059
2021-09-01,639397,6740.29,0.00031087,0.00033004
2021-08-31,619717,6802.50,0.00030070,0.00031087
2021-08-30,617944,6788.63,0.00030023,0.00030070
2021-08-29,622591,6632.90,0.00030293,0.00030023
2021-08-28,625957,6687.69,0.00030408,0.00030293
2021-08-27,606105,6854.96,0.00029512,0.00030408
2021-08-26,618845,6696.66,0.00030074,0.00029512
2021-08-25,613303,6791.16,0.00029781,0.00030074
2021-08-24,629331,6864.93,0.00030602,0.00029781
2021-08-23,618607,6699.62,0.00030018,0.00030602
2021-08-22,615936,6899.75,0.00029941,0.00030018
2021-08-21,625881,6610.52,0.00030433,0.00029941
2021-08-20,498790,5104.62,0.00024210,0.00030433
2021-08-19,600556,6628.51,0.00029205,0.00024210
2021-08-18,598111,6683.96,0.00029062,0.00029205
2021-08-17,608962,6996.65,0.00029582,0.00029062
2021-08-16,623601,6826.51,0.00030297,0.00029582
2021-08-15,618709,6950.79,0.00030083,0.00030297
2021-08-14,623775,6818.82,0.00030365,0.00030083
2021-08-13,598576,6868.09,0.00029117,0.00030365
2021-08-12,609514,7071.69,0.00029642,0.00029117
2021-08-11,611282,6591.98,0.00029717,0.00029642
2021-08-10,607716,6555.85,0.00029764,0.00029717
2021-08-09,498289,4391.11,0.00024112,0.00029764
2021-08-08,516635,4393.73,0.00025107,0.00024112
2021-08-07,482702,4282.33,0.00023490,0.00025107
2021-08-06,472550,4231.53,0.00022959,0.00023490
2021-08-05,460672,4069.38,0.00022416,0.00022959
2021-08-04,423545,4105.78,0.00020580,0.00022416
2021-08-03,442301,4173.48,0.00021494,0.00020580
2021-08-02,433388,4168.67,0.00021078,0.00021494
2021-08-01,424797,4120.91,0.00020631,0.00021078
2021-07-31,418796,4100.45,0.00020466,0.00020631
2021-07-30,557324,4510.69,0.00027063,0.00020466
2021-07-29,707810,1157.17,0.00034371,0.00027063
2021-07-28,929056,1611.29,0.00046037,0.00034371
2021-07-27,739918,1243.55,0.00033949,0.00046037
2021-07-26,664805,1184.80,0.00032313,0.00033949
2021-07-25,668899,1090.67,0.00032429,0.00032313
2021-07-24,635360,1054.60,0.00031325,0.00032429
2021-07-23,612725,2031.50,0.00030067,0.00031325
2021-07-22,553108,926.11,0.00027373,0.00030067
2021-07-21,556074,909.87,0.00026893,0.00027373
2021-07-20,561333,927.89,0.00027398,0.00026893
2021-07-19,587876,967.97,0.00028610,0.00027398
2021-07-18,587234,973.72,0.00028751,0.00028610
2021-07-17,511314,6156.07,0.00024857,0.00028751
2021-07-16,514381,6076.05,0.00025001,0.00024857
2021-07-15,532870,7049.11,0.00025901,0.00025001
2021-07-14,516149,6052.06,0.00025072,0.00025901
2021-07-13,521185,6145.96,0.00025351,0.00025072
2021-07-12,527358,6333.33,0.00025637,0.00025351
2021-07-11,525510,6191.08,0.00025560,0.00025637
2021-07-10,529003,6201.24,0.00025710,0.00025560
2021-07-09,528788,6010.57,0.00025724,0.00025710
2021-07-08,539085,6419.97,0.00026186,0.00025724
2021-07-07,540378,6245.29,0.00026277,0.00026186
2021-07-06,534224,6103.52,0.00025954,0.00026277
2021-07-05,543124,6214.98,0.00026397,0.00025954
2021-07-04,532049,6290.73,0.00025879,0.00026397
2021-07-03,527440,6011.95,0.00025662,0.00025879
2021-07-02,526229,6180.39,0.00025601,0.00025662
2021-07-01,533296,6251.49,0.00025933,0.00025601
2021-06-30,532992,6202.95,0.00025869,0.00025933
2021-06-29,567249,2359.99,0.00027572,0.00025869
2021-06-28,540245,943.81,0.00027321,0.00027572
2021-06-27,548301,908.33,0.00026268,0.00027321
2021-06-26,558181,927.58,0.00026784,0.00026268
2021-06-25,623392,1052.01,0.00030346,0.00026784
2021-06-24,603523,1001.70,0.00029319,0.00030346
2021-06-23,584506,988.27,0.00028897,0.00029319
2021-06-22,602817,1010.86,0.00028420,0.00028897
2021-06-21,646294,1072.55,0.00032016,0.00028420
2021-06-20,685547,2303.90,0.00033323,0.00032016
2021-06-19,672739,2263.75,0.00032710,0.00033323
2021-06-18,721406,2429.94,0.00035076,0.00032710
2021-06-17,740351,1272.35,0.00035997,0.00035076
2021-06-16,781219,1291.46,0.00037984,0.00035997
2021-06-15,782545,2687.09,0.00038710,0.00037984
2021-06-14,751036,1285.91,0.00036517,0.00038710
2021-06-13,649433,1276.12,0.00031375,0.00036517
2021-06-12,742171,2427.33,0.00036086,0.00031375
2021-06-11,786043,2498.62,0.00037108,0.00036086
2021-06-10,779452,1327.00,0.00038219,0.00037108
2021-06-09,772279,1305.07,0.00037549,0.00038219
2021-06-08,783725,2778.95,0.00038106,0.00037549
2021-06-07,757894,2744.32,0.00037593,0.00038106
2021-06-06,765375,2759.65,0.00036850,0.00037593
2021-06-05,765375,2764.45,0.00037214,0.00036850
2021-06-04,765375,2764.45,0.00037214,0.00037214
2021-05-21,496517,5001.64,0.00024141,0.00037214
2021-05-20,498626,5059.78,0.00024244,0.00024141
2021-05-19,498516,5203.73,0.00024226,0.00024244
2021-05-18,498801,5210.60,0.00024221,0.00024226
2021-05-17,499743,5259.84,0.00024231,0.00024221
2021-05-16,498166,5375.57,0.00024210,0.00024231
2021-05-15,498348,5159.02,0.00024229,0.00024210
2021-05-14,498813,5122.01,0.00024232,0.00024229
2021-05-13,498863,5173.69,0.00024208,0.00024232
2021-05-12,498779,5086.64,0.00024244,0.00024208
2021-05-11,498427,5114.33,0.00024241,0.00024244
2021-05-10,498790,5232.91,0.00024189,0.00024241
2021-05-09,498669,5188.47,0.00024254,0.00024189
2021-05-08,498602,5056.97,0.00024247,0.00024254
2021-05-07,498564,5074.71,0.00024246,0.00024247
2021-05-06,498402,5003.72,0.00024254,0.00024246
2021-05-05,498518,5154.32,0.00024242,0.00024254
2021-05-04,498757,5066.52,0.00024236,0.00024242
2021-05-03,498669,5129.64,0.00024247,0.00024236
2021-05-02,498457,5291.24,0.00024239,0.00024247
2021-05-01,498858,5122.57,0.00024286,0.00024239
2021-04-30,498424,5064.85,0.00024251,0.00024286
2021-04-29,498816,5094.54,0.00024234,0.00024251
2021-04-28,498368,5164.58,0.00024235,0.00024234
2021-04-27,498511,5150.02,0.00024250,0.00024235
2021-04-26,498523,5343.67,0.00024241,0.00024250
2021-04-25,498030,5051.62,0.00024231,0.00024241
2021-04-24,499031,5269.45,0.00024244,0.00024231
2021-04-23,498330,5013.60,0.00024203,0.00024244
2021-04-22,498594,5164.54,0.00024256,0.00024203
2021-04-21,498741,5333.74,0.00024256,0.00024256
2021-04-20,498749,5255.21,0.00024252,0.00024256
2021-04-19,498437,5103.33,0.00024238,0.00024252
2021-04-18,498416,5151.11,0.00024188,0.00024238
2021-04-17,498585,5085.61,0.00024248,0.00024188
2021-04-16,498399,5056.02,0.00024231,0.00024248
2021-04-15,498574,5078.85,0.00024234,0.00024231
2021-04-14,498781,5281.98,0.00024240,0.00024234
2021-04-13,498572,5205.18,0.00024231,0.00024240
2021-04-12,498916,5253.03,0.00024248,0.00024231
2021-04-11,498578,5128.68,0.00024251,0.00024248
2021-04-10,498722,5170.14,0.00024237,0.00024251
2021-04-09,498461,1369.80,0.00024271,0.00024237
2021-04-08,498461,1369.80,0.00024271,0.00024271
2021-04-03,498759,5311.84,0.00024230,0.00024271
2021-04-02,498226,4282.34,0.00024244,0.00024230
2021-04-01,500653,5466.10,0.00024343,0.00024244
2021-03-31,498584,5362.82,0.00024244,0.00024343
2021-03-30,498358,5322.12,0.00024239,0.00024244
2021-03-29,498347,5113.65,0.00024236,0.00024239
2021-03-28,498461,5315.57,0.00024229,0.00024236
2021-03-27,498662,5169.53,0.00024249,0.00024229
2021-03-26,498735,5043.90,0.00024252,0.00024249
2021-03-25,498657,5235.02,0.00024211,0.00024252
2021-03-24,498620,5155.68,0.00024223,0.00024211
2021-03-23,498565,5149.04,0.00024252,0.00024223
2021-03-22,497905,5124.75,0.00024248,0.00024252
2021-03-21,498560,5197.11,0.00024237,0.00024248
2021-03-20,498735,5291.72,0.00024182,0.00024237
2021-03-19,498536,5244.97,0.00024249,0.00024182
2021-03-18,498889,5285.64,0.00024257,0.00024249
2021-03-17,498438,5021.84,0.00024253,0.00024257
2021-03-16,498108,5075.18,0.00024234,0.00024253
2021-03-15,498620,5161.69,0.00024232,0.00024234
2021-03-14,498941,4927.78,0.00024251,0.00024232
2021-03-13,498770,4952.50,0.00024241,0.00024251
2021-03-12,497978,5119.73,0.00024229,0.00024241
2021-03-11,498853,5289.14,0.00024219,0.00024229
2021-03-10,251704,2584.10,0.00012242,0.00024219
2021-03-09,251566,2635.85,0.00012234,0.00012242
2021-03-08,251699,2666.49,0.00012230,0.00012234
2021-03-07,251719,2649.76,0.00012223,0.00012230
2021-03-06,251719,2503.24,0.00012234,0.00012223
2021-03-05,251628,2642.64,0.00012239,0.00012234
2021-03-04,251595,2625.54,0.00012230,0.00012239
2021-03-03,251670,2646.48,0.00012234,0.00012230
2021-03-02,251514,2494.39,0.00012236,0.00012234
2021-03-01,251286,1828.78,0.00012240,0.00012236
2021-02-28,248369,2729.89,0.00012076,0.00012240
2021-02-27,251508,2674.90,0.00012237,0.00012076
2021-02-26,251616,2566.45,0.00012238,0.00012237
2021-02-25,251732,2556.70,0.00012237,0.00012238
2021-02-24,251482,2571.10,0.00012271,0.00012237
2021-02-23,251596,2507.73,0.00012238,0.00012271
2021-02-22,251699,2665.15,0.00012235,0.00012238
2021-02-21,251809,2519.69,0.00012231,0.00012235
2021-02-20,251657,2618.94,0.00012237,0.00012231
2021-02-19,251657,2618.94,0.00012237,0.00012237
2021-01-19,254586,4.97,0.00027602,0.00012237
2021-01-18,254586,4.97,0.00027602,0.00027602
2021-01-17,244796,618.92,0.00011902,0.00027602
2021-01-16,250470,1819.93,0.00011899,0.00011902
2021-01-15,167901,560.59,0.00010992,0.00011899
2021-01-14,167901,560.59,0.00010992,0.00010992
2021-01-01,163351,190.17,0.00008164,0.00010992
2020-12-31,163351,190.17,0.00008164,0.00008164
2020-12-20,163351,337.21,0.00007942,0.00008164
2020-12-19,163351,337.21,0.00007942,0.00007942
2020-12-13,173505,286.83,0.00008436,0.00007942
2020-12-12,168020,556.90,0.00008194,0.00008436
2020-12-11,168020,556.90,0.00008194,0.00008194
2020-12-10,186699,289.35,0.00009078,0.00008194
2020-12-09,85036,942.36,0.00004043,0.00009078
2020-12-08,378701,601.99,0.00018413,0.00004043
2020-12-07,378701,601.99,0.00018413,0.00018413
2020-12-06,133659,591.53,0.00018427,0.00018413
2020-12-05,375528,656.64,0.00006521,0.00018427
2020-12-04,375528,656.64,0.00006521,0.00006521
2020-12-03,387626,318.25,0.00018859,0.00006521
2020-12-02,37673,21.86,0.00016223,0.00018859
2020-12-01,441428,1192.64,0.00019010,0.00016223
2020-11-30,441428,1192.64,0.00019010,0.00019010
2020-11-24,433885,856.75,0.00021463,0.00019010
2020-11-23,400097,1105.81,0.00021096,0.00021463
2020-11-22,400097,1105.81,0.00021096,0.00021096
2020-10-07,79644,398.98,0.00003866,0.00021096
2020-10-06,79218,751.64,0.00003872,0.00003866
2020-10-05,79404,816.12,0.00003861,0.00003872
2020-10-04,79310,240.17,0.00003888,0.00003861
2020-10-03,238667,293.69,0.00003856,0.00003888
2020-10-02,238667,293.69,0.00003856,0.00003856
2020-09-04,238667,12.99,0.00011604,0.00003856
2020-09-03,238667,12.99,0.00011604,0.00011604
2020-08-31,97362,129.31,0.00004734,0.00011604
2020-08-30,91994,962.31,0.00004473,0.00004734
2020-08-29,91994,962.31,0.00004473,0.00004473
2020-08-20,25297,1.31,0.00001230,0.00004473
2020-08-19,420715,21.45,0.00020427,0.00001230
2020-08-18,431719,1606.65,0.00020991,0.00020427
2020-08-17,97994,31.20,0.00004765,0.00020991
2020-08-16,97994,31.20,0.00004765,0.00004765
2020-08-14,393343,570.31,0.00021298,0.00004765
2020-08-13,92485,19.07,0.00019125,0.00021298
2020-08-11,92479,357.50,0.00004497,0.00019125
2020-08-10,92479,357.50,0.00004497,0.00004497
2020-08-09,417149,19.31,0.00020290,0.00004497
2020-08-08,417149,19.31,0.00020290,0.00020290
2020-08-07,24665,0.04124711,0.00001196,0.00020290
2020-08-06,24665,0.04124711,0.00001196,0.00001196
2020-08-05,382756,7.60,0.00018612,0.00001196
2020-08-04,426870,94.38,0.00020763,0.00018612
2020-08-03,426870,94.38,0.00020763,0.00020763
2020-07-28,19908.93,0.03340164,0.00000968,0.00020763
2020-07-27,19908.93,0.03340164,0.00000968,0.00000968
2020-07-25,279402,3.71,0.00013592,0.00000968
2020-07-24,279402,3.71,0.00013592,0.00013592
2020-07-20,14523.32,0.247197,0.00000706,0.00013592
2020-07-19,259825,46.77,0.00012629,0.00000706
2020-07-18,235539,3.47,0.00011456,0.00012629
2020-07-17,235539,3.47,0.00011456,0.00011456
2020-07-12,14853.26,0.02527665,0.00000722,0.00011456
2020-07-11,14853.26,0.02527665,0.00000722,0.00000722
2020-07-10,252650,184.18,0.00012283,0.00000722
2020-07-09,252650,184.18,0.00012283,0.00012283
2020-07-06,261064,1198.15,0.00012693,0.00012283
2020-07-05,261064,1198.15,0.00012693,0.00012693
2020-07-02,274742,2.82,0.00013358,0.00012693
2020-07-01,274742,2.82,0.00013358,0.00013358
2020-06-24,290157,1.41,0.00014103,0.00013358
2020-06-23,290157,1.41,0.00014103,0.00014103
2020-06-21,77595,2.66,0.00013309,0.00014103
2020-06-20,77256,79.53,0.00003759,0.00013309
2020-06-19,275385,1.34,0.00013382,0.00003759
2020-06-18,275385,1.34,0.00013382,0.00013382
2020-06-17,215714,5.63,0.00010481,0.00013382
2020-06-16,215714,5.63,0.00010481,0.00010481
2020-05-26,204748,138.47,0.00009955,0.00010481
2020-05-25,224548,91.00,0.00010918,0.00009955
2020-05-22,238000,2.31,0.00011572,0.00010918
2020-05-21,137863,141.29,0.00006704,0.00011572
2020-05-20,254560,2.15,0.00012394,0.00006704
2020-05-13,116982,94.57,0.00007577,0.00012394
2020-05-12,112730,28.62,0.00010531,0.00007577
2020-05-08,240436,4.10,0.00005495,0.00010531
2020-05-03,240207,12.06,0.00011690,0.00005495
2020-04-25,269011,3.67,0.00013090,0.00011690
2020-04-24,155277,37.75,0.00007550,0.00013090
2020-04-22,249980,0.000000000000,0.00012154,0.00007550
2020-04-08,249591,0.676666,0.00012154,0.00012154
2020-02-23,394957,5.22,0.00019203,0.00012154
2020-02-13,266991,29.26,0.00012982,0.00019203
2020-02-11,233037,48.87,0.00011331,0.00012982
2020-01-31,286058,9.12,0.00014128,0.00011331
2020-01-30,279153,85.75,0.00008878,0.00014128
2020-01-27,279056,4.07,0.00013573,0.00008878
2020-01-26,275441,0.381915,0.00013395,0.00013573
2020-01-22,328115,8.38,0.00016041,0.00013395
2020-01-21,279161,268.14,0.00007385,0.00016041
2020-01-16,279161,0.000000000000,0.00013573,0.00007385
2020-01-15,144676,255.03,0.00007024,0.00013573
2020-01-14,131489,3.68,0.00012276,0.00007024
2020-01-12,131489,0.000000000000,0.00006393,0.00012276
2020-01-11,131489,52.05,0.00006393,0.00006393
2020-01-07,243753,0.000000000000,0.00011852,0.00006393
2020-01-06,229133,3.56,0.00011852,0.00011852
2020-01-04,229133,0.000000000000,0.00011141,0.00011852
2020-01-03,114951,8.14,0.00011141,0.00011141
2020-01-02,114951,0.000000000000,0.00005589,0.00011141
2020-01-01,114951,92.44,0.00005589,0.00005589
2019-12-31,76049,3.59,0.00011939,0.00005589
2019-12-16,76049,0.000000000000,0.00003698,0.00011939
2019-12-13,76049,0.000000000000,0.00003698,0.00003698
2019-12-12,253507,32.98,0.00012326,0.00003698
2019-12-11,277475,0.000000000000,0.00013491,0.00012326
2019-12-10,277475,23.24,0.00013491,0.00013491
2019-12-07,304662,0.000000000000,0.00014813,0.00013491
2019-12-06,119814,3.70,0.00014813,0.00014813
2019-12-04,160949,0.000000000000,0.00007826,0.00014813
2019-11-29,160949,0.000000000000,0.00007826,0.00007826
2019-11-28,160949,11.71,0.00007826,0.00007826
2019-11-26,308055,0.000000000000,0.00014978,0.00007826
2019-11-25,206032,83.38,0.00014978,0.00014978
2019-11-18,206032,0.000000000000,0.00010018,0.00014978
2019-11-17,132700,26.56,0.00010018,0.00010018
2019-11-13,132700,0.000000000000,0.00006452,0.00010018
2019-11-12,132700,28.43,0.00006452,0.00006452
2019-11-09,462563,0.000000000000,0.00022491,0.00006452
2019-11-08,241702,11.24,0.00018652,0.00022491
2019-11-07,97798,16.21,0.00007534,0.00018652
2019-11-01,203040,0.000000000000,0.00009872,0.00007534
2019-10-31,203040,47.53,0.00009872,0.00009872
2019-10-30,367308,1.83,0.00017859,0.00009872
2019-10-29,367308,1.83,0.00017859,0.00017859
2019-10-28,367308,1.83,0.00017859,0.00017859
2019-10-27,474483,3.47,0.00023070,0.00017859
2019-10-26,367635,6.27,0.00017875,0.00023070
2019-10-25,246804,6.07,0.00012000,0.00017875
2019-10-24,326834,4.87,0.00015891,0.00012000
2019-10-23,245594,103.99,0.00011941,0.00015891
2019-10-08,244981,103.99,0.00011941,0.00011941
2019-10-07,224266,2012.59,0.00010908,0.00011941
2019-10-06,257951,1451.50,0.00007639,0.00010908
2019-10-05,390855,3610.66,0.00019004,0.00007639
2019-10-04,390773,3599.49,0.00019000,0.00019004
2019-10-03,443588,4034.84,0.00021552,0.00019000
2019-10-02,443588,4034.84,0.00021552,0.00021552
2019-10-01,425325,3747.37,0.00020663,0.00021552
2019-09-30,471432,4292.36,0.00022914,0.00020663
2019-09-29,495887,4294.72,0.00024123,0.00022914
2019-09-28,515548,4819.23,0.00025060,0.00024123
2019-09-27,583444,2604.93,0.00028368,0.00025060
2019-09-26,583732,5093.90,0.00028382,0.00028368
2019-09-25,555531,7838.37,0.00026996,0.00028382
2019-09-22,229927,0.000000000000,0.00011179,0.00026996
2019-09-21,420961,185.03,0.00011148,0.00011179
2019-09-20,235704,68.76,0.00011460,0.00011148
2019-09-18,217607,0.000000000000,0.00010580,0.00011460
2019-09-17,217607,20.86,0.00010580,0.00010580
2019-09-16,210857,0.000000000000,0.00010252,0.00010580
2019-09-15,210857,61.54,0.00010252,0.00010252
2019-09-14,165996,0.000000000000,0.00008071,0.00010252
2019-09-13,165996,0.000000000000,0.00008071,0.00008071
2019-09-09,165996,0.000000000000,0.00008071,0.00008071
2019-09-08,165996,0.000000000000,0.00008071,0.00008071
2019-09-02,165996,0.000000000000,0.00008071,0.00008071
2019-09-01,165996,42.94,0.00008071,0.00008071
2019-08-30,180824,0.000000000000,0.00008792,0.00008071
2019-08-29,180824,18.71,0.00008792,0.00008792
2019-08-28,178483,0.000000000000,0.00008678,0.00008792
2019-08-27,178483,0.000000000000,0.00008678,0.00008678
2019-08-26,173781,141.29,0.00008450,0.00008678
2019-08-25,196344,88.08,0.00014560,0.00008450
2019-08-24,647878,0.000000000000,0.00031501,0.00014560
2019-08-23,647878,0.000000000000,0.00031501,0.00031501
2019-08-22,563368,18141.01,0.00030928,0.00031501
2019-08-21,640940,17201.38,0.00031177,0.00030928
2019-08-20,515971,15046.77,0.00022869,0.00031177
2019-08-19,548218,17482.78,0.00026786,0.00022869
2019-08-18,438702,13863.41,0.00021330,0.00026786
2019-08-17,535811,2826.95,0.00026052,0.00021330
2019-08-16,499672,16617.57,0.00024316,0.00026052
2019-08-15,495245,16325.68,0.00024080,0.00024316
2019-08-14,582444,19498.78,0.00029827,0.00024080
2019-08-13,356328,12683.50,0.00019631,0.00029827
2019-08-12,266851,6049.81,0.00012751,0.00019631
2019-08-11,369764,9770.88,0.00015148,0.00012751
2019-08-10,326062,10018.94,0.00015721,0.00015148
2019-08-09,252418,12521.41,0.00018530,0.00015721
2019-08-08,222389,0.000000000000,0.00010813,0.00018530
2019-08-07,286330,9107.48,0.00013922,0.00010813
2019-08-06,286843,9114.54,0.00013954,0.00013922
2019-08-05,277366,8834.21,0.00013474,0.00013954
2019-08-04,112254,2200.38,0.00004780,0.00013474
2019-08-03,292101,8862.32,0.00014194,0.00004780
2019-08-02,371193,9884.26,0.00018053,0.00014194
2019-08-01,356964,11231.79,0.00017342,0.00018053
2019-07-31,356152,11077.96,0.00017365,0.00017342
2019-07-30,358176,11408.28,0.00017345,0.00017365
2019-07-29,319130,10079.82,0.00015517,0.00017345
2019-07-28,318894,9905.02,0.00015544,0.00015517
2019-07-27,319798,9783.90,0.00015588,0.00015544
2019-07-26,319934,9066.13,0.00013988,0.00015588
2019-07-25,319192,10338.32,0.00015553,0.00013988
2019-07-24,291280,9996.78,0.00015446,0.00015553
2019-07-23,282004,9026.19,0.00013712,0.00015446
2019-07-22,479254,14654.43,0.00023302,0.00013712
2019-07-21,510906,16354.34,0.00024666,0.00023302
2019-07-20,563943,18127.03,0.00027468,0.00024666
2019-07-19,562555,18027.09,0.00027484,0.00027468
2019-07-18,562564,15833.78,0.00024566,0.00027484
2019-07-17,565522,15329.85,0.00024590,0.00024566
2019-07-16,549298,16906.56,0.00026722,0.00024590
2019-07-15,547531,16955.07,0.00026637,0.00026722
2019-07-14,558825,17599.45,0.00027171,0.00026637
2019-07-13,561810,17456.97,0.00027316,0.00027171
2019-07-12,559825,15277.51,0.00022977,0.00027316
2019-07-11,753166,23844,0.00036660,0.00022977
2019-07-10,856527,27407,0.00041676,0.00036660
2019-07-09,1024194,27678,0.00049835,0.00041676
2019-07-08,982094,30415,0.00047751,0.00049835
2019-07-07,1008810,27049,0.00049053,0.00047751
2019-07-06,920440,27479,0.00044753,0.00049053
2019-07-05,1036875,32525,0.00050417,0.00044753
2019-07-04,566580,2612.87,0.00027548,0.00050417
2019-07-03,940342,28364,0.00045721,0.00027548
2019-07-02,935616,27651,0.00045491,0.00045721
2019-07-01,1077303,33364,0.00052380,0.00045491
2019-06-30,925404,28151,0.00045011,0.00052380
2019-06-29,628211,19861.25,0.00030545,0.00045011
2019-06-28,387598,5549.08,0.00016715,0.00030545
2019-06-27,868097,27150,0.00042176,0.00016715
2019-06-26,597994,20777,0.00032771,0.00042176
2019-06-25,711481,22363,0.00034548,0.00032771
2019-06-24,585161,17962.93,0.00028451,0.00034548
2019-06-23,695842,21983,0.00033851,0.00028451
2019-06-22,687211,21338,0.00033455,0.00033851
2019-06-21,701274,22577,0.00034097,0.00033455
2019-06-20,799386,25650,0.00038867,0.00034097
2019-06-19,738819,23268,0.00035923,0.00038867
2019-06-18,739542,22995,0.00035958,0.00035923
2019-06-17,840981,26363,0.00040982,0.00035958
2019-06-16,840044,16909.40,0.00025723,0.00040982
2019-06-15,838345,26713,0.00040766,0.00025723
2019-06-14,724401,22901,0.00035233,0.00040766
2019-06-13,639124,319.38,0.00031075,0.00035233
2019-06-12,1042046,27569,0.00050666,0.00031075
2019-06-11,942683,29107,0.00045832,0.00050666
2019-06-10,705706,22190,0.00034371,0.00045832
2019-06-09,645836,20557,0.00031497,0.00034371
2019-06-08,644708,5884.55,0.00019255,0.00031497
2019-06-07,645340,20535,0.00031378,0.00019255
2019-06-06,650635,20479,0.00031635,0.00031378
2019-06-05,650883,20292,0.00031633,0.00031635
2019-06-04,339067,17575.34,0.00031803,0.00031633
2019-06-03,635993,20230,0.00030923,0.00031803
2019-06-02,791456,25120,0.00038547,0.00030923
2019-06-01,662674,21402,0.00032220,0.00038547
2019-05-31,389053,8536.44,0.00018916,0.00032220
2019-05-30,433388,8581.88,0.00018684,0.00018916
2019-05-29,451060,4864.73,0.00027720,0.00018684
2019-05-28,451141,13206.75,0.00022091,0.00027720
2019-05-27,448974,12531.30,0.00021163,0.00022091
2019-05-26,403676,7211.61,0.00017094,0.00021163
2019-05-25,183272,9386.21,0.00016741,0.00017094
2019-05-24,407175,7674.90,0.00016542,0.00016741
2019-05-23,382578,11705.01,0.00019237,0.00016542
2019-05-22,415547,12095.60,0.00020199,0.00019237
2019-05-21,344106,4996.39,0.00008911,0.00020199
2019-05-20,652642,20660,0.00031694,0.00008911
2019-05-19,642482,20287,0.00031241,0.00031694
2019-05-18,643651,8887.96,0.00016402,0.00031241
2019-05-17,337401,9117.23,0.00016405,0.00016402
2019-05-16,423192,12485.51,0.00020576,0.00016405
2019-05-15,401360,7858.59,0.00016123,0.00020576
2019-05-14,377733,11317.98,0.00018349,0.00016123
2019-05-13,345602,6273.25,0.00011415,0.00018349
2019-05-12,236520,3635.54,0.00012478,0.00011415
2019-05-11,355836,10948.64,0.00017236,0.00012478
2019-05-10,242244,4959.62,0.00011764,0.00017236
2019-05-09,255907,4959.00,0.00012454,0.00011764
2019-05-08,240931,10909.71,0.00016610,0.00012454
2019-05-07,360777,11407.10,0.00017530,0.00016610
2019-05-06,354692,11129.24,0.00017246,0.00017530
2019-05-05,270288,3931.99,0.00013142,0.00017246
2019-05-04,357034,3132.61,0.00015660,0.00013142
2019-05-03,355298,11207.46,0.00017198,0.00015660
2019-05-02,253522,11270.92,0.00017164,0.00017198
2019-05-01,354820,6758.75,0.00011496,0.00017164
2019-04-30,341689,10710.29,0.00016628,0.00011496
2019-04-29,351125,11177.59,0.00017072,0.00016628
2019-04-28,354369,12163.87,0.00017229,0.00017072
2019-04-27,357900,11262.85,0.00017402,0.00017229
2019-04-26,357914,11452.92,0.00017418,0.00017402
2019-04-25,366788,11477.75,0.00017834,0.00017418
2019-04-24,317438,7364.90,0.00013668,0.00017834
2019-04-23,286101,11702.97,0.00018022,0.00013668
2019-04-22,368987,11561.58,0.00018003,0.00018022
2019-04-21,372283,11838.08,0.00018101,0.00018003
2019-04-20,372802,11562.38,0.00018137,0.00018101
2019-04-19,382303,5442.01,0.00015686,0.00018137
2019-04-18,353578,10825.42,0.00016739,0.00015686
2019-04-17,378751,11904.60,0.00018415,0.00016739
2019-04-16,323564,12029.89,0.00019049,0.00018415
2019-04-15,401599,7481.94,0.00015098,0.00019049
2019-04-14,397820,11702.23,0.00018547,0.00015098
2019-04-13,337865,11926.84,0.00019509,0.00018547
2019-04-12,342675,11805.85,0.00019591,0.00019509
2019-04-11,363171,12241.04,0.00020316,0.00019591
2019-04-10,414293,12101.89,0.00019071,0.00020316
2019-04-09,419212,12386.18,0.00020383,0.00019071
2019-04-08,647791,20483,0.00031497,0.00020383
2019-04-07,399458,12001.68,0.00019422,0.00031497
2019-04-06,642351,20707,0.00031232,0.00019422
2019-04-05,637845,20367,0.00031017,0.00031232
2019-04-04,325163,5201.06,0.00013136,0.00031017
2019-04-03,678051,20690,0.00032831,0.00013136
2019-04-02,630823,19806.67,0.00030672,0.00032831
2019-04-01,632138,19658.17,0.00030738,0.00030672
2019-03-31,632841,20415,0.00030770,0.00030738
2019-03-30,652768,17430.40,0.00031710,0.00030770
2019-03-29,714376,22286,0.00034734,0.00031710
2019-03-28,847725,30048,0.00047366,0.00034734
2019-03-27,837593,24990,0.00038925,0.00047366
2019-03-26,536196,16377.21,0.00026063,0.00038925
2019-03-25,542092,17611.57,0.00026357,0.00026063
2019-03-24,543194,17158.61,0.00026375,0.00026357
2019-03-23,533010,16408.98,0.00025914,0.00026375
2019-03-22,377703,12312.45,0.00018365,0.00025914
2019-03-21,391761,12312.07,0.00019048,0.00018365
2019-03-20,267904,5340.25,0.00013026,0.00019048
2019-03-19,389834,12400.67,0.00018954,0.00013026
2019-03-18,251499,7447.02,0.00012228,0.00018954
2019-03-17,109688,2965.70,0.00005333,0.00012228
2019-03-16,370932,10350.37,0.00018035,0.00005333
2019-03-15,344213,8414.79,0.00016740,0.00018035
2019-03-14,643582,20298,0.00031337,0.00016740
2019-03-13,644866,20637,0.00031354,0.00031337
2019-03-12,644465,20670,0.00031364,0.00031354
2019-03-11,639326,20875,0.00031509,0.00031364
2019-03-10,649562,21033,0.00031583,0.00031509
2019-03-09,309552,20787,0.00031021,0.00031583
2019-03-08,394245,21135,0.00031464,0.00031021
2019-03-07,390044,8359.47,0.00018965,0.00031464
2019-03-06,439184,3649.61,0.00021354,0.00018965
2019-03-05,637599,12760.40,0.00031001,0.00021354
2019-03-04,639957,20244,0.00031116,0.00031001
2019-03-03,408833,12437.87,0.00019878,0.00031116
2019-03-02,650163,12424.41,0.00020298,0.00019878
2019-03-01,642789,20976,0.00031603,0.00020298
2019-02-28,654747,20306,0.00031759,0.00031603
2019-02-27,656447,21472,0.00031927,0.00031759
2019-02-26,646701,11115.78,0.00031396,0.00031927
2019-02-25,402460,0.000000000000,0.00019568,0.00031396
2019-02-24,675121,19096.90,0.00032825,0.00019568
2019-02-23,668991,20096,0.00032527,0.00032825
2019-02-22,667902,19934.69,0.00032474,0.00032527
2019-02-21,448828,11686.15,0.00021823,0.00032474
2019-02-20,678000,20759,0.00032965,0.00021823
2019-02-19,498101,22515,0.00033539,0.00032965
2019-02-18,530040,13719.70,0.00025847,0.00033539
2019-02-17,686976,21815,0.00033402,0.00025847
2019-02-16,717201,22349,0.00034952,0.00033402
2019-02-15,711239,22974,0.00034553,0.00034952
2019-02-14,652833,21311,0.00031742,0.00034553
2019-02-13,669318,16465.06,0.00031550,0.00031742
2019-02-12,606017,11580.36,0.00029395,0.00031550
2019-02-11,290588,0.000000000000,0.00014129,0.00029395
2019-02-10,156654,12698.15,0.00027218,0.00014129
2019-02-09,673100,6548.88,0.00041565,0.00027218
2019-02-08,515659,14432.19,0.00025072,0.00041565
2019-02-07,545600,17893.40,0.00026404,0.00025072
2019-02-06,557278,17897.71,0.00027093,0.00026404
2019-02-05,534489,17213.78,0.00025915,0.00027093
2019-02-04,514929,16715.50,0.00024982,0.00025915
2019-02-03,514535,16293.73,0.00025018,0.00024982
2019-02-02,516319,16583.43,0.00025121,0.00025018
2019-02-01,270070,7507.36,0.00013131,0.00025121
2019-01-31,269823,7248.99,0.00013119,0.00013131
2019-01-30,502814,14779.24,0.00024448,0.00013119
2019-01-29,504859,15578.45,0.00024547,0.00024448
2019-01-28,270090,16635.03,0.00024726,0.00024547
2019-01-27,512457,16618.30,0.00024916,0.00024726
2019-01-26,510956,16615.76,0.00024844,0.00024916
2019-01-25,500126,13618.53,0.00024317,0.00024844
2019-01-24,270024,7231.39,0.00013129,0.00024317
2019-01-23,502533,15423.23,0.00024434,0.00013129
2019-01-22,502724,15689.84,0.00024443,0.00024434
2019-01-21,240315,5957.55,0.00011685,0.00024443
2019-01-20,506094,15989.27,0.00024607,0.00011685
2019-01-19,616062,19198.06,0.00029954,0.00024607
2019-01-18,373951,11801.34,0.00018182,0.00029954
2019-01-17,616813,19002.42,0.00029990,0.00018182
2019-01-16,617139,19804.56,0.00030006,0.00029990
2019-01-15,641391,16996.07,0.00031166,0.00030006
2019-01-14,506704,15765.75,0.00024637,0.00031166
2019-01-13,507324,15975.28,0.00024667,0.00024637
2019-01-12,504996,16407.55,0.00024554,0.00024667
2019-01-11,507585,15738.89,0.00024680,0.00024554
2019-01-10,531862,16881.28,0.00025917,0.00024680
2019-01-09,533510,16952.48,0.00025940,0.00025917
2019-01-08,553154,17133.67,0.00026895,0.00025940
2019-01-07,268034,6943.15,0.00013032,0.00026895
2019-01-06,974500,30219,0.00047382,0.00013032
2019-01-05,621869,17762.52,0.00030236,0.00047382
2019-01-04,591405,3073.83,0.00028755,0.00030236
2019-01-03,833800,4326.93,0.00040541,0.00028755
2019-01-02,439152,10154.51,0.00021352,0.00040541
2019-01-01,568351,13432.74,0.00027634,0.00021352
2018-12-31,266691,6659.63,0.00012967,0.00027634
2018-12-30,1031115,11109.44,0.00050134,0.00012967
2018-12-29,521795,245.41,0.00025371,0.00050134
2018-12-28,516671,12759.64,0.00025121,0.00025371
2018-12-27,366063,12425.40,0.00017799,0.00025121
2018-12-26,428039,11080.76,0.00020812,0.00017799
2018-12-25,451986,10016.54,0.00022008,0.00020812
2018-12-24,464887,8234.55,0.00022627,0.00022008
2018-12-23,658899,16471.38,0.00032041,0.00022627
2018-12-22,525796,13402.68,0.00025565,0.00032041
2018-12-21,388119,5468.96,0.00018871,0.00025565
2018-12-20,582490,14727.89,0.00028322,0.00018871
2018-12-19,726672,17944.12,0.00035332,0.00028322
2018-12-18,277909,3841.26,0.00013512,0.00035332
2018-12-17,741595,11660.48,0.00036058,0.00013512
2018-12-16,749331,10814.27,0.00036434,0.00036058
2018-12-15,819409,11421.46,0.00039841,0.00036434
2018-12-14,798550,11064.75,0.00038827,0.00039841
2018-12-13,879299,19788.12,0.00042753,0.00038827
2018-12-12,556783,8969.70,0.00027072,0.00042753
2018-12-11,1060290,24851,0.00051553,0.00027072
2018-12-10,1603031,22106,0.00077942,0.00051553
2018-12-09,1381784,28029,0.00067185,0.00077942
2018-12-08,828720,20161,0.00040294,0.00067185
2018-12-07,919906,22542,0.00044727,0.00040294
2018-12-06,1096079,26595,0.00053293,0.00044727
2018-12-05,976426,10725.93,0.00047475,0.00053293
2018-12-04,1021523,11366.22,0.00049583,0.00047475
2018-12-03,4016146,50886,0.00195272,0.00049583
2018-12-02,1138598,7915.09,0.00055259,0.00195272
2018-12-01,752952,8325.40,0.00036576,0.00055259
2018-11-30,783413,10045.16,0.00038091,0.00036576
2018-11-29,1314230,17906.84,0.00063900,0.00038091
2018-11-28,2792913,39006,0.00135994,0.00063900
2018-11-27,2410918,36905,0.00076776,0.00135994
2018-11-26,990124,24457,0.00048141,0.00076776
2018-11-25,2422595,46437,0.00120537,0.00048141
2018-11-24,1542945,41371,0.00092724,0.00120537
2018-11-23,1567914,51375,0.00129322,0.00092724
2018-11-22,2617680,57649,0.00127568,0.00129322
2018-11-21,2630257,56687,0.00127887,0.00127568
2018-11-20,2611171,61328,0.00126959,0.00127887
2018-11-19,2795587,70097,0.00136082,0.00126959
2018-11-18,2858402,71768,0.00138980,0.00136082
2018-11-17,2875118,68944,0.00139793,0.00138980
2018-11-16,2914562,71852,0.00141711,0.00139793
2018-11-15,2912232,70597,0.00141597,0.00141711
2018-11-14,3073454,75967,0.00149436,0.00141597
2018-11-13,3305626,75.94,0.00160725,0.00149436
2018-11-12,2440886,19.45,0.00119338,0.00160725
2018-11-11,2429147,206.61,0.00118109,0.00119338
2018-11-10,3244741,31.62,0.00158098,0.00118109
2018-11-09,3175871,77257,0.00154416,0.00158098
2018-11-08,3330593,78043,0.00162027,0.00154416
2018-11-07,3367019,62889,0.00163710,0.00162027
2018-11-06,3252927,59841,0.00158163,0.00163710
2018-11-05,3141461,58107,0.00152743,0.00158163
2018-11-04,3186648,58566,0.00154940,0.00152743
2018-11-03,3212998,58179,0.00156194,0.00154940
2018-11-02,3293272,57512,0.00160124,0.00156194
2018-11-01,3569072,31475,0.00173534,0.00160124
2018-10-31,3232816,48948,0.00138097,0.00173534
2018-10-30,3306148,31102,0.00160750,0.00138097
2018-10-29,4257836,80599,0.00207081,0.00160750
2018-10-28,3001006,33421,0.00170393,0.00207081
2018-10-27,4273772,78067,0.00207798,0.00170393
2018-10-26,3627258,67979,0.00176363,0.00207798
2018-10-25,3455205,33826,0.00167998,0.00176363
2018-10-24,3117600,58191,0.00151583,0.00167998
2018-10-23,4194069,1348.59,0.00203923,0.00151583
2018-10-22,4395159,82041,0.00213694,0.00203923
2018-10-21,3500782,32898,0.00170214,0.00213694
2018-10-20,3741620,35863,0.00181564,0.00170214
2018-10-19,0.000000000000,54841,0.00143258,0.00181564
2018-10-18,0.000000000000,50774,0.00137109,0.00143258
2018-10-17,0.000000000000,44091,0.00115752,0.00137109
2018-10-16,0.000000000000,39825,0.00106452,0.00115752
2018-10-15,0.000000000000,50201,0.00137176,0.00106452
2018-10-14,0.000000000000,22614,0.00121266,0.00137176
2018-10-13,0.000000000000,21045,0.00117179,0.00121266
2018-10-12,0.000000000000,21770,0.00112293,0.00117179
2018-10-11,0.000000000000,62789,0.00186339,0.00112293
2018-10-10,0.000000000000,55645,0.00155328,0.00186339
2018-10-09,0.000000000000,48231,0.00135487,0.00155328
2018-10-08,0.000000000000,48974,0.00131589,0.00135487
2018-10-07,0.000000000000,47821,0.00140134,0.00131589
2018-10-06,0.000000000000,73456,0.00194973,0.00140134
2018-10-05,0.000000000000,77721,0.00201062,0.00194973
2018-10-04,0.000000000000,79938,0.00202956,0.00201062
2018-10-03,0.000000000000,75295,0.00192432,0.00202956
2018-10-02,0.000000000000,111869,0.00351468,0.00192432
2018-10-01,0.000000000000,72761,0.00190519,0.00351468
2018-09-30,0.000000000000,64034,0.00167237,0.00190519
2018-09-29,0.000000000000,23877,0.00129309,0.00167237
2018-09-28,0.000000000000,25700,0.00133992,0.00129309
2018-09-27,0.000000000000,55520,0.00141688,0.00133992
2018-09-26,0.000000000000,70308,0.00190485,0.00141688
2018-09-25,0.000000000000,50567,0.00131465,0.00190485
2018-09-24,0.000000000000,46321,0.00122178,0.00131465
2018-09-23,0.000000000000,39261,0.00102878,0.00122178
2018-09-22,0.000000000000,43135,0.00130422,0.00102878
2018-09-21,0.000000000000,45110,0.00116445,0.00130422
2018-09-20,0.000000000000,55136,0.00160117,0.00116445
2018-09-19,0.000000000000,59469,0.00164268,0.00160117
2018-09-18,0.000000000000,66077,0.00202675,0.00164268
2018-09-17,0.000000000000,69340,0.00201988,0.00202675
2018-09-16,0.000000000000,57458,0.00152301,0.00201988
2018-09-15,0.000000000000,57948,0.00161677,0.00152301
2018-09-14,0.000000000000,66373,0.00192949,0.00161677
2018-09-13,0.000000000000,45722,0.00123619,0.00192949
2018-09-12,0.000000000000,57912,0.00158036,0.00123619
2018-09-11,0.000000000000,52561,0.00162961,0.00158036
2018-09-10,0.000000000000,47206,0.00159269,0.00162961
2018-09-09,0.000000000000,57465,0.00154786,0.00159269
2018-09-08,0.000000000000,50286,0.00152931,0.00154786
2018-09-07,0.000000000000,72337,0.00198656,0.00152931
2018-09-06,0.000000000000,76418,0.00184327,0.00198656
